1171.978,1,-11
1172.483,1,20
1172.989,1,23
1173.495,1,24
1174.000,1,36
1174.506,1,1
1175.011,1,2
1175.517,1,-10
1176.022,1,15
1176.528,1,37
1177.033,1,0
1177.538,1,1
1178.044,1,16
1178.549,1,-30
1179.054,1,23
1179.559,1,12
1180.064,1,-2
1180.569,1,22
1181.075,1,44
1181.580,1,0
1182.085,1,41
1182.589,1,7
1183.094,1,-7
1183.599,1,26
1184.104,1,13
1184.609,1,29
1185.114,1,26
1185.618,1,24
1186.123,1,31
1186.628,1,13
1187.132,1,33
1187.637,1,4
1188.142,1,9
1188.646,1,33
1189.151,1,10
1189.655,1,56
1190.159,1,12
1190.664,1,38
1191.168,1,42
1191.672,1,61
1192.177,1,33
1192.681,1,18
1193.185,1,16
1193.689,1,52
1194.193,1,41
1194.698,1,38
1195.202,1,28
1195.706,1,49
1196.210,1,51
1196.713,1,57
1197.217,1,2
1197.721,1,48
1198.225,1,33
1198.729,1,65
1199.233,1,36
1199.736,1,54
1200.240,1,68
1200.744,1,47
1201.247,1,31
1201.751,1,53
1202.254,1,66
1202.758,1,75
1203.261,1,72
1203.765,1,59
1204.268,1,70
1204.772,1,75
1205.275,1,62
1205.778,1,68
1206.281,1,57
1206.785,1,67
1207.288,1,67
1207.791,1,81
1208.294,1,90
1208.797,1,98
1209.300,1,77
1209.803,1,106
1210.306,1,68
1210.809,1,104
1211.312,1,98
1211.815,1,74
1212.318,1,94
1212.820,1,107
1213.323,1,124
1213.826,1,103
1214.329,1,109
1214.831,1,134
1215.334,1,118
1215.836,1,132
1216.339,1,100
1216.841,1,132
1217.344,1,129
1217.846,1,130
1218.349,1,144
1218.851,1,119
1219.353,1,129
1219.856,1,139
1220.358,1,156
1220.860,1,149
1221.362,1,146
1221.864,1,149
1222.366,1,164
1222.868,1,159
1223.370,1,131
1223.872,1,147
1224.374,1,169
1224.876,1,208
1225.378,1,180
1225.880,1,191
1226.382,1,196
1226.884,1,184
1227.385,1,218
1227.887,1,214
1228.389,1,205
1228.890,1,213
1229.392,1,235
1229.893,1,236
1230.395,1,251
1230.896,1,209
1231.398,1,266
1231.899,1,246
1232.401,1,251
1232.902,1,300
1233.403,1,239
1233.904,1,274
1234.406,1,254
1234.907,1,287
1235.408,1,306
1235.909,1,315
1236.410,1,289
1236.911,1,345
1237.412,1,319
1237.913,1,328
1238.414,1,312
1238.915,1,370
1239.416,1,334
1239.917,1,352
1240.417,1,336
1240.918,1,370
1241.419,1,375
1241.920,1,390
1242.420,1,410
1242.921,1,423
1243.421,1,402
1243.922,1,421
1244.422,1,423
1244.923,1,430
1245.423,1,446
1245.924,1,460
1246.424,1,441
1246.924,1,461
1247.425,1,471
1247.925,1,496
1248.425,1,482
1248.925,1,519
1249.425,1,524
1249.925,1,530
1250.425,1,515
1250.925,1,551
1251.425,1,597
1251.925,1,567
1252.425,1,592
1252.925,1,615
1253.425,1,614
1253.925,1,616
1254.425,1,648
1254.924,1,647
1255.424,1,640
1255.924,1,652
1256.423,1,671
1256.923,1,692
1257.422,1,718
1257.922,1,714
1258.421,1,740
1258.921,1,741
1259.420,1,744
1259.920,1,775
1260.419,1,776
1260.918,1,807
1261.418,1,823
1261.917,1,823
1262.416,1,835
1262.915,1,860
1263.414,1,864
1263.913,1,900
1264.412,1,915
1264.911,1,916
1265.410,1,922
1265.909,1,934
1266.408,1,929
1266.907,1,974
1267.406,1,957
1267.905,1,998
1268.403,1,994
1268.902,1,1038
1269.401,1,1060
1269.899,1,1025
1270.398,1,1054
1270.897,1,1102
1271.395,1,1097
1271.894,1,1103
1272.392,1,1152
1272.891,1,1180
1273.389,1,1167
1273.887,1,1206
1274.386,1,1175
1274.884,1,1224
1275.382,1,1245
1275.880,1,1242
1276.379,1,1231
1276.877,1,1283
1277.375,1,1315
1277.873,1,1309
1278.371,1,1334
1278.869,1,1340
1279.367,1,1356
1279.865,1,1360
1280.363,1,1364
1280.860,1,1394
1281.358,1,1440
1281.856,1,1433
1282.354,1,1477
1282.852,1,1488
1283.349,1,1478
1283.847,1,1569
1284.344,1,1536
1284.842,1,1549
1285.339,1,1575
1285.837,1,1609
1286.334,1,1590
1286.832,1,1610
1287.329,1,1585
1287.827,1,1652
1288.324,1,1661
1288.821,1,1677
1289.318,1,1660
1289.816,1,1744
1290.313,1,1732
1290.810,1,1716
1291.307,1,1768
1291.804,1,1788
1292.301,1,1779
1292.798,1,1786
1293.295,1,1801
1293.792,1,1836
1294.289,1,1868
1294.785,1,1892
1295.282,1,1878
1295.779,1,1945
1296.276,1,1892
1296.772,1,1911
1297.269,1,1934
1297.766,1,1982
1298.262,1,1957
1298.759,1,1973
1299.255,1,2027
1299.752,1,2045
1300.248,1,2039
1300.745,1,2057
1301.241,1,2028
1301.737,1,2033
1302.234,1,2073
1302.730,1,2060
1303.226,1,2058
1303.722,1,2102
1304.218,1,2115
1304.714,1,2125
1305.211,1,2158
1305.707,1,2145
1306.203,1,2160
1306.699,1,2183
1307.194,1,2188
1307.690,1,2191
1308.186,1,2194
1308.682,1,2208
1309.178,1,2235
1309.674,1,2216
1310.169,1,2234
1310.665,1,2224
1311.161,1,2222
1311.656,1,2247
1312.152,1,2246
1312.647,1,2262
1313.143,1,2254
1313.638,1,2278
1314.134,1,2273
1314.629,1,2250
1315.124,1,2274
1315.620,1,2298
1316.115,1,2299
1316.610,1,2283
1317.105,1,2307
1317.600,1,2291
1318.096,1,2319
1318.591,1,2268
1319.086,1,2280
1319.581,1,2292
1320.076,1,2293
1320.571,1,2274
1321.066,1,2286
1321.560,1,2268
1322.055,1,2270
1322.550,1,2305
1323.045,1,2254
1323.540,1,2279
1324.034,1,2230
1324.529,1,2247
1325.024,1,2245
1325.518,1,2227
1326.013,1,2253
1326.507,1,2245
1327.002,1,2216
1327.496,1,2204
1327.991,1,2204
1328.485,1,2218
1328.979,1,2207
1329.474,1,2210
1329.968,1,2186
1330.462,1,2155
1330.956,1,2180
1331.450,1,2183
1331.944,1,2181
1332.439,1,2141
1332.933,1,2128
1333.427,1,2149
1333.921,1,2111
1334.414,1,2091
1334.908,1,2125
1335.402,1,2061
1335.896,1,2050
1336.390,1,2030
1336.884,1,2034
1337.377,1,2024
1337.871,1,1997
1338.365,1,2017
1338.858,1,1972
1339.352,1,1964
1339.845,1,1960
1340.339,1,1941
1340.832,1,1924
1341.326,1,1907
1341.819,1,1881
1342.312,1,1851
1342.806,1,1851
1343.299,1,1857
1343.792,1,1797
1344.285,1,1796
1344.779,1,1761
1345.272,1,1772
1345.765,1,1741
1346.258,1,1683
1346.751,1,1709
1347.244,1,1669
1347.737,1,1655
1348.230,1,1657
1348.723,1,1589
1349.215,1,1584
1349.708,1,1596
1350.201,1,1557
1350.694,1,1510
1351.186,1,1509
1351.679,1,1469
1352.172,1,1468
1352.664,1,1464
1353.157,1,1415
1353.649,1,1414
1354.142,1,1365
1354.634,1,1347
1355.127,1,1327
1355.619,1,1277
1356.111,1,1282
1356.604,1,1258
1357.096,1,1223
1357.588,1,1196
1358.080,1,1190
1358.573,1,1165
1359.065,1,1137
1359.557,1,1104
1360.049,1,1107
1360.541,1,1081
1361.033,1,1068
1361.525,1,1014
1362.017,1,1025
1362.508,1,983
1363.000,1,957
1363.492,1,958
1363.984,1,939
1364.476,1,923
1364.967,1,914
1365.459,1,901
1365.951,1,898
1366.442,1,855
1366.934,1,852
1367.425,1,821
1367.917,1,839
1368.408,1,785
1368.899,1,772
1369.391,1,758
1369.882,1,736
1370.373,1,751
1370.865,1,697
1371.356,1,701
1371.847,1,733
1372.338,1,669
1372.829,1,641
1373.320,1,617
1373.811,1,622
1374.302,1,618
1374.793,1,608
1375.284,1,610
1375.775,1,577
1376.266,1,577
1376.757,1,540
1377.247,1,540
1377.738,1,536
1378.229,1,488
1378.720,1,485
1379.210,1,478
1379.701,1,458
1380.191,1,456
1380.682,1,427
1381.172,1,423
1381.663,1,435
1382.153,1,385
1382.644,1,371
1383.134,1,363
1383.624,1,389
1384.115,1,355
1384.605,1,358
1385.095,1,342
1385.585,1,368
1386.075,1,346
1386.565,1,314
1387.055,1,324
1387.545,1,326
1388.035,1,282
1388.525,1,300
1389.015,1,286
1389.505,1,257
1389.995,1,246
1390.485,1,263
1390.974,1,258
1391.464,1,295
1391.954,1,249
1392.444,1,245
1392.933,1,216
1393.423,1,230
1393.912,1,216
1394.402,1,232
1394.891,1,226
1395.381,1,209
1395.870,1,219
1396.359,1,159
1396.849,1,202
1397.338,1,177
1397.827,1,185
1398.316,1,168
1398.806,1,159
1399.295,1,162
1399.784,1,172
1400.273,1,180
1400.762,1,142
1401.251,1,160
1401.740,1,151
1402.229,1,181
1402.718,1,128
1403.207,1,130
1403.695,1,159
1404.184,1,137
1404.673,1,133
1405.162,1,131
1405.650,1,139
1406.139,1,139
1406.628,1,116
1407.116,1,110
1407.605,1,109
1408.093,1,127
1408.582,1,110
1409.070,1,105
1409.558,1,105
1410.047,1,101
1410.535,1,88
1411.023,1,86
1411.512,1,46
1412.000,1,96
1412.488,1,73
1412.976,1,82
1413.464,1,92
1413.952,1,94
1414.440,1,86
1414.928,1,74
1415.416,1,94
1415.904,1,61
1416.392,1,61
1416.880,1,65
1417.368,1,76
1417.855,1,74
1418.343,1,75
1418.831,1,75
1419.318,1,54
1419.806,1,60
1420.294,1,87
1420.781,1,37
1421.269,1,31
1421.756,1,52
1422.244,1,39
1422.731,1,48
1423.218,1,42
1423.706,1,64
1424.193,1,72
1424.680,1,40
1425.167,1,13
1425.655,1,56
