1171.978,1,45
1172.483,1,40
1172.989,1,55
1173.495,1,66
1174.000,1,73
1174.506,1,47
1175.011,1,60
1175.517,1,53
1176.022,1,74
1176.528,1,74
1177.033,1,47
1177.538,1,48
1178.044,1,51
1178.549,1,32
1179.054,1,107
1179.559,1,71
1180.064,1,59
1180.569,1,56
1181.075,1,67
1181.580,1,82
1182.085,1,98
1182.589,1,60
1183.094,1,72
1183.599,1,81
1184.104,1,77
1184.609,1,82
1185.114,1,116
1185.618,1,86
1186.123,1,115
1186.628,1,93
1187.132,1,125
1187.637,1,70
1188.142,1,144
1188.646,1,101
1189.151,1,113
1189.655,1,118
1190.159,1,118
1190.664,1,141
1191.168,1,152
1191.672,1,173
1192.177,1,139
1192.681,1,117
1193.185,1,171
1193.689,1,150
1194.193,1,173
1194.698,1,171
1195.202,1,141
1195.706,1,148
1196.210,1,184
1196.713,1,190
1197.217,1,136
1197.721,1,165
1198.225,1,175
1198.729,1,206
1199.233,1,191
1199.736,1,191
1200.240,1,242
1200.744,1,205
1201.247,1,219
1201.751,1,232
1202.254,1,251
1202.758,1,255
1203.261,1,257
1203.765,1,229
1204.268,1,279
1204.772,1,269
1205.275,1,282
1205.778,1,264
1206.281,1,280
1206.785,1,283
1207.288,1,332
1207.791,1,294
1208.294,1,300
1208.797,1,330
1209.300,1,329
1209.803,1,347
1210.306,1,373
1210.809,1,366
1211.312,1,383
1211.815,1,371
1212.318,1,392
1212.820,1,400
1213.323,1,436
1213.826,1,427
1214.329,1,430
1214.831,1,459
1215.334,1,467
1215.836,1,463
1216.339,1,442
1216.841,1,453
1217.344,1,486
1217.846,1,495
1218.349,1,513
1218.851,1,489
1219.353,1,520
1219.856,1,521
1220.358,1,545
1220.860,1,555
1221.362,1,577
1221.864,1,566
1222.366,1,590
1222.868,1,609
1223.370,1,580
1223.872,1,617
1224.374,1,640
1224.876,1,650
1225.378,1,702
1225.880,1,682
1226.382,1,718
1226.884,1,694
1227.385,1,754
1227.887,1,749
1228.389,1,761
1228.890,1,792
1229.392,1,793
1229.893,1,798
1230.395,1,806
1230.896,1,831
1231.398,1,868
1231.899,1,849
1232.401,1,870
1232.902,1,902
1233.403,1,913
1233.904,1,918
1234.406,1,914
1234.907,1,962
1235.408,1,993
1235.909,1,996
1236.410,1,994
1236.911,1,1020
1237.412,1,1059
1237.913,1,1032
1238.414,1,1068
1238.915,1,1110
1239.416,1,1118
1239.917,1,1101
1240.417,1,1132
1240.918,1,1153
1241.419,1,1199
1241.920,1,1207
1242.420,1,1237
1242.921,1,1248
1243.421,1,1231
1243.922,1,1291
1244.422,1,1315
1244.923,1,1302
1245.423,1,1349
1245.924,1,1399
1246.424,1,1384
1246.924,1,1391
1247.425,1,1419
1247.925,1,1422
1248.425,1,1482
1248.925,1,1479
1249.425,1,1535
1249.925,1,1533
1250.425,1,1553
1250.925,1,1572
1251.425,1,1636
1251.925,1,1633
1252.425,1,1669
1252.925,1,1700
1253.425,1,1728
1253.925,1,1728
1254.425,1,1770
1254.924,1,1763
1255.424,1,1802
1255.924,1,1807
1256.423,1,1846
1256.923,1,1899
1257.422,1,1906
1257.922,1,1938
1258.421,1,1951
1258.921,1,1992
1259.420,1,2015
1259.920,1,2042
1260.419,1,2045
1260.918,1,2084
1261.418,1,2115
1261.917,1,2141
1262.416,1,2160
1262.915,1,2181
1263.414,1,2218
1263.913,1,2239
1264.412,1,2255
1264.911,1,2290
1265.410,1,2322
1265.909,1,2362
1266.408,1,2344
1266.907,1,2385
1267.406,1,2391
1267.905,1,2448
1268.403,1,2471
1268.902,1,2483
1269.401,1,2527
1269.899,1,2518
1270.398,1,2544
1270.897,1,2617
1271.395,1,2625
1271.894,1,2632
1272.392,1,2679
1272.891,1,2690
1273.389,1,2691
1273.887,1,2713
1274.386,1,2743
1274.884,1,2796
1275.382,1,2796
1275.880,1,2817
1276.379,1,2802
1276.877,1,2851
1277.375,1,2857
1277.873,1,2880
1278.371,1,2923
1278.869,1,2953
1279.367,1,2976
1279.865,1,2967
1280.363,1,3011
1280.860,1,3041
1281.358,1,3078
1281.856,1,3093
1282.354,1,3092
1282.852,1,3149
1283.349,1,3142
1283.847,1,3177
1284.344,1,3181
1284.842,1,3195
1285.339,1,3201
1285.837,1,3245
1286.334,1,3234
1286.832,1,3290
1287.329,1,3264
1287.827,1,3313
1288.324,1,3322
1288.821,1,3353
1289.318,1,3336
1289.816,1,3388
1290.313,1,3387
1290.810,1,3392
1291.307,1,3407
1291.804,1,3416
1292.301,1,3439
1292.798,1,3432
1293.295,1,3443
1293.792,1,3479
1294.289,1,3482
1294.785,1,3511
1295.282,1,3494
1295.779,1,3504
1296.276,1,3511
1296.772,1,3527
1297.269,1,3543
1297.766,1,3562
1298.262,1,3560
1298.759,1,3563
1299.255,1,3619
1299.752,1,3587
1300.248,1,3558
1300.745,1,3588
1301.241,1,3544
1301.737,1,3531
1302.234,1,3575
1302.730,1,3521
1303.226,1,3545
1303.722,1,3532
1304.218,1,3539
1304.714,1,3527
1305.211,1,3549
1305.707,1,3542
1306.203,1,3547
1306.699,1,3533
1307.194,1,3559
1307.690,1,3509
1308.186,1,3514
1308.682,1,3471
1309.178,1,3519
1309.674,1,3490
1310.169,1,3471
1310.665,1,3465
1311.161,1,3452
1311.656,1,3448
1312.152,1,3463
1312.647,1,3430
1313.143,1,3438
1313.638,1,3405
1314.134,1,3400
1314.629,1,3330
1315.124,1,3349
1315.620,1,3354
1316.115,1,3316
1316.610,1,3287
1317.105,1,3289
1317.600,1,3259
1318.096,1,3253
1318.591,1,3190
1319.086,1,3206
1319.581,1,3183
1320.076,1,3177
1320.571,1,3114
1321.066,1,3115
1321.560,1,3062
1322.055,1,3033
1322.550,1,3066
1323.045,1,3005
1323.540,1,2997
1324.034,1,2971
1324.529,1,2944
1325.024,1,2922
1325.518,1,2851
1326.013,1,2876
1326.507,1,2830
1327.002,1,2821
1327.496,1,2770
1327.991,1,2777
1328.485,1,2747
1328.979,1,2707
1329.474,1,2691
1329.968,1,2684
1330.462,1,2629
1330.956,1,2624
1331.450,1,2595
1331.944,1,2598
1332.439,1,2525
1332.933,1,2513
1333.427,1,2467
1333.921,1,2472
1334.414,1,2393
1334.908,1,2410
1335.402,1,2339
1335.896,1,2300
1336.390,1,2286
1336.884,1,2276
1337.377,1,2241
1337.871,1,2160
1338.365,1,2180
1338.858,1,2148
1339.352,1,2115
1339.845,1,2077
1340.339,1,2018
1340.832,1,2014
1341.326,1,1976
1341.819,1,1946
1342.312,1,1881
1342.806,1,1877
1343.299,1,1854
1343.792,1,1817
1344.285,1,1761
1344.779,1,1744
1345.272,1,1739
1345.765,1,1684
1346.258,1,1639
1346.751,1,1641
1347.244,1,1568
1347.737,1,1579
1348.230,1,1544
1348.723,1,1489
1349.215,1,1467
1349.708,1,1464
1350.201,1,1427
1350.694,1,1369
1351.186,1,1346
1351.679,1,1320
1352.172,1,1317
1352.664,1,1281
1353.157,1,1238
1353.649,1,1205
1354.142,1,1207
1354.634,1,1135
1355.127,1,1126
1355.619,1,1074
1356.111,1,1044
1356.604,1,1051
1357.096,1,997
1357.588,1,1006
1358.080,1,985
1358.573,1,945
1359.065,1,914
1359.557,1,897
1360.049,1,856
1360.541,1,849
1361.033,1,823
1361.525,1,787
1362.017,1,757
1362.508,1,759
1363.000,1,730
1363.492,1,715
1363.984,1,697
1364.476,1,705
1364.967,1,694
1365.459,1,651
1365.951,1,656
1366.442,1,613
1366.934,1,617
1367.425,1,577
1367.917,1,578
1368.408,1,562
1368.899,1,541
1369.391,1,506
1369.882,1,500
1370.373,1,487
1370.865,1,490
1371.356,1,484
1371.847,1,492
1372.338,1,453
1372.829,1,428
1373.320,1,375
1373.811,1,396
1374.302,1,391
1374.793,1,383
1375.284,1,387
1375.775,1,355
1376.266,1,355
1376.757,1,345
1377.247,1,322
1377.738,1,297
1378.229,1,309
1378.720,1,244
1379.210,1,280
1379.701,1,272
1380.191,1,253
1380.682,1,244
1381.172,1,227
1381.663,1,254
1382.153,1,216
1382.644,1,209
1383.134,1,207
1383.624,1,218
1384.115,1,197
1384.605,1,185
1385.095,1,185
1385.585,1,199
1386.075,1,177
1386.565,1,186
1387.055,1,173
1387.545,1,157
1388.035,1,155
1388.525,1,172
1389.015,1,169
1389.505,1,120
1389.995,1,126
1390.485,1,138
1390.974,1,128
1391.464,1,138
1391.954,1,136
1392.444,1,119
1392.933,1,126
1393.423,1,109
1393.912,1,97
1394.402,1,99
1394.891,1,126
1395.381,1,133
1395.870,1,103
1396.359,1,83
1396.849,1,99
1397.338,1,88
1397.827,1,107
1398.316,1,87
1398.806,1,95
1399.295,1,59
1399.784,1,79
1400.273,1,79
1400.762,1,72
1401.251,1,66
1401.740,1,103
1402.229,1,103
1402.718,1,76
1403.207,1,62
1403.695,1,66
1404.184,1,72
1404.673,1,62
1405.162,1,43
1405.650,1,78
1406.139,1,60
1406.628,1,51
1407.116,1,54
1407.605,1,52
1408.093,1,64
1408.582,1,79
1409.070,1,37
1409.558,1,41
1410.047,1,47
1410.535,1,61
1411.023,1,45
1411.512,1,3
1412.000,1,48
1412.488,1,15
1412.976,1,30
1413.464,1,47
1413.952,1,37
1414.440,1,31
1414.928,1,45
1415.416,1,24
1415.904,1,56
1416.392,1,42
1416.880,1,24
1417.368,1,67
1417.855,1,26
1418.343,1,39
1418.831,1,27
1419.318,1,8
1419.806,1,40
1420.294,1,38
1420.781,1,18
1421.269,1,10
1421.756,1,14
1422.244,1,10
1422.731,1,24
1423.218,1,4
1423.706,1,16
1424.193,1,38
1424.680,1,9
1425.167,1,3
1425.655,1,25
