1171.978,1,169
1172.483,1,206
1172.989,1,222
1173.495,1,235
1174.000,1,242
1174.506,1,225
1175.011,1,247
1175.517,1,230
1176.022,1,260
1176.528,1,262
1177.033,1,248
1177.538,1,247
1178.044,1,280
1178.549,1,258
1179.054,1,297
1179.559,1,300
1180.064,1,279
1180.569,1,289
1181.075,1,334
1181.580,1,316
1182.085,1,360
1182.589,1,328
1183.094,1,338
1183.599,1,358
1184.104,1,377
1184.609,1,366
1185.114,1,370
1185.618,1,395
1186.123,1,410
1186.628,1,407
1187.132,1,436
1187.637,1,402
1188.142,1,435
1188.646,1,417
1189.151,1,450
1189.655,1,457
1190.159,1,463
1190.664,1,486
1191.168,1,525
1191.672,1,526
1192.177,1,543
1192.681,1,541
1193.185,1,561
1193.689,1,551
1194.193,1,594
1194.698,1,590
1195.202,1,600
1195.706,1,580
1196.210,1,654
1196.713,1,663
1197.217,1,620
1197.721,1,659
1198.225,1,669
1198.729,1,728
1199.233,1,717
1199.736,1,727
1200.240,1,765
1200.744,1,748
1201.247,1,787
1201.751,1,793
1202.254,1,827
1202.758,1,825
1203.261,1,878
1203.765,1,847
1204.268,1,905
1204.772,1,872
1205.275,1,914
1205.778,1,910
1206.281,1,935
1206.785,1,951
1207.288,1,984
1207.791,1,985
1208.294,1,1027
1208.797,1,1040
1209.300,1,1049
1209.803,1,1071
1210.306,1,1102
1210.809,1,1129
1211.312,1,1147
1211.815,1,1152
1212.318,1,1191
1212.820,1,1187
1213.323,1,1257
1213.826,1,1220
1214.329,1,1292
1214.831,1,1293
1215.334,1,1336
1215.836,1,1330
1216.339,1,1362
1216.841,1,1361
1217.344,1,1395
1217.846,1,1398
1218.349,1,1474
1218.851,1,1450
1219.353,1,1497
1219.856,1,1504
1220.358,1,1587
1220.860,1,1534
1221.362,1,1618
1221.864,1,1592
1222.366,1,1642
1222.868,1,1648
1223.370,1,1713
1223.872,1,1676
1224.374,1,1737
1224.876,1,1760
1225.378,1,1813
1225.880,1,1817
1226.382,1,1852
1226.884,1,1834
1227.385,1,1941
1227.887,1,1929
1228.389,1,1936
1228.890,1,1955
1229.392,1,1999
1229.893,1,2005
1230.395,1,2043
1230.896,1,2072
1231.398,1,2094
1231.899,1,2098
1232.401,1,2148
1232.902,1,2188
1233.403,1,2214
1233.904,1,2217
1234.406,1,2244
1234.907,1,2259
1235.408,1,2309
1235.909,1,2327
1236.410,1,2344
1236.911,1,2346
1237.412,1,2451
1237.913,1,2414
1238.414,1,2470
1238.915,1,2488
1239.416,1,2517
1239.917,1,2510
1240.417,1,2535
1240.918,1,2571
1241.419,1,2611
1241.920,1,2633
1242.420,1,2699
1242.921,1,2701
1243.421,1,2741
1243.922,1,2741
1244.422,1,2777
1244.923,1,2777
1245.423,1,2829
1245.924,1,2857
1246.424,1,2897
1246.924,1,2901
1247.425,1,2937
1247.925,1,2979
1248.425,1,3011
1248.925,1,3017
1249.425,1,3042
1249.925,1,3050
1250.425,1,3113
1250.925,1,3135
1251.425,1,3179
1251.925,1,3173
1252.425,1,3241
1252.925,1,3243
1253.425,1,3270
1253.925,1,3295
1254.425,1,3335
1254.924,1,3332
1255.424,1,3358
1255.924,1,3391
1256.423,1,3449
1256.923,1,3451
1257.422,1,3478
1257.922,1,3513
1258.421,1,3556
1258.921,1,3574
1259.420,1,3579
1259.920,1,3623
1260.419,1,3597
1260.918,1,3653
1261.418,1,3656
1261.917,1,3699
1262.416,1,3694
1262.915,1,3756
1263.414,1,3759
1263.913,1,3775
1264.412,1,3816
1264.911,1,3840
1265.410,1,3839
1265.909,1,3867
1266.408,1,3863
1266.907,1,3889
1267.406,1,3889
1267.905,1,3941
1268.403,1,3924
1268.902,1,3947
1269.401,1,3989
1269.899,1,3981
1270.398,1,3987
1270.897,1,4035
1271.395,1,4016
1271.894,1,4009
1272.392,1,4040
1272.891,1,4051
1273.389,1,4076
1273.887,1,4064
1274.386,1,4088
1274.884,1,4103
1275.382,1,4108
1275.880,1,4101
1276.379,1,4083
1276.877,1,4140
1277.375,1,4124
1277.873,1,4119
1278.371,1,4123
1278.869,1,4131
1279.367,1,4157
1279.865,1,4139
1280.363,1,4145
1280.860,1,4149
1281.358,1,4184
1281.856,1,4148
1282.354,1,4159
1282.852,1,4203
1283.349,1,4178
1283.847,1,4189
1284.344,1,4181
1284.842,1,4168
1285.339,1,4167
1285.837,1,4157
1286.334,1,4131
1286.832,1,4159
1287.329,1,4116
1287.827,1,4129
1288.324,1,4108
1288.821,1,4140
1289.318,1,4105
1289.816,1,4142
1290.313,1,4099
1290.810,1,4059
1291.307,1,4061
1291.804,1,4085
1292.301,1,4042
1292.798,1,4016
1293.295,1,3998
1293.792,1,4008
1294.289,1,4008
1294.785,1,4013
1295.282,1,3967
1295.779,1,3969
1296.276,1,3938
1296.772,1,3908
1297.269,1,3908
1297.766,1,3903
1298.262,1,3873
1298.759,1,3858
1299.255,1,3890
1299.752,1,3846
1300.248,1,3786
1300.745,1,3772
1301.241,1,3668
1301.737,1,3683
1302.234,1,3659
1302.730,1,3615
1303.226,1,3580
1303.722,1,3595
1304.218,1,3548
1304.714,1,3508
1305.211,1,3485
1305.707,1,3474
1306.203,1,3444
1306.699,1,3403
1307.194,1,3385
1307.690,1,3314
1308.186,1,3309
1308.682,1,3251
1309.178,1,3277
1309.674,1,3215
1310.169,1,3176
1310.665,1,3146
1311.161,1,3113
1311.656,1,3115
1312.152,1,3050
1312.647,1,3022
1313.143,1,2983
1313.638,1,2936
1314.134,1,2932
1314.629,1,2861
1315.124,1,2828
1315.620,1,2831
1316.115,1,2752
1316.610,1,2738
1317.105,1,2695
1317.600,1,2651
1318.096,1,2609
1318.591,1,2573
1319.086,1,2541
1319.581,1,2509
1320.076,1,2487
1320.571,1,2428
1321.066,1,2400
1321.560,1,2363
1322.055,1,2319
1322.550,1,2319
1323.045,1,2222
1323.540,1,2216
1324.034,1,2140
1324.529,1,2149
1325.024,1,2096
1325.518,1,2054
1326.013,1,2024
1326.507,1,1997
1327.002,1,1942
1327.496,1,1919
1327.991,1,1902
1328.485,1,1854
1328.979,1,1831
1329.474,1,1782
1329.968,1,1770
1330.462,1,1725
1330.956,1,1690
1331.450,1,1670
1331.944,1,1643
1332.439,1,1577
1332.933,1,1570
1333.427,1,1530
1333.921,1,1485
1334.414,1,1476
1334.908,1,1455
1335.402,1,1424
1335.896,1,1343
1336.390,1,1341
1336.884,1,1306
1337.377,1,1298
1337.871,1,1236
1338.365,1,1248
1338.858,1,1191
1339.352,1,1160
1339.845,1,1126
1340.339,1,1092
1340.832,1,1082
1341.326,1,1056
1341.819,1,1027
1342.312,1,1003
1342.806,1,976
1343.299,1,985
1343.792,1,911
1344.285,1,895
1344.779,1,859
1345.272,1,860
1345.765,1,841
1346.258,1,813
1346.751,1,785
1347.244,1,757
1347.737,1,754
1348.230,1,728
1348.723,1,701
1349.215,1,660
1349.708,1,681
1350.201,1,690
1350.694,1,604
1351.186,1,611
1351.679,1,573
1352.172,1,579
1352.664,1,549
1353.157,1,514
1353.649,1,511
1354.142,1,505
1354.634,1,474
1355.127,1,471
1355.619,1,443
1356.111,1,426
1356.604,1,428
1357.096,1,379
1357.588,1,383
1358.080,1,355
1358.573,1,370
1359.065,1,335
1359.557,1,323
1360.049,1,316
1360.541,1,310
1361.033,1,312
1361.525,1,291
1362.017,1,288
1362.508,1,275
1363.000,1,261
1363.492,1,248
1363.984,1,252
1364.476,1,283
1364.967,1,220
1365.459,1,221
1365.951,1,218
1366.442,1,210
1366.934,1,224
1367.425,1,186
1367.917,1,182
1368.408,1,178
1368.899,1,168
1369.391,1,174
1369.882,1,161
1370.373,1,168
1370.865,1,181
1371.356,1,144
1371.847,1,151
1372.338,1,137
1372.829,1,130
1373.320,1,96
1373.811,1,120
1374.302,1,116
1374.793,1,107
1375.284,1,110
1375.775,1,131
1376.266,1,107
1376.757,1,116
1377.247,1,101
1377.738,1,100
1378.229,1,91
1378.720,1,68
1379.210,1,60
1379.701,1,63
1380.191,1,53
1380.682,1,74
1381.172,1,38
1381.663,1,87
1382.153,1,48
1382.644,1,60
1383.134,1,29
1383.624,1,54
1384.115,1,59
1384.605,1,47
1385.095,1,52
1385.585,1,78
1386.075,1,55
1386.565,1,51
1387.055,1,37
1387.545,1,61
1388.035,1,36
1388.525,1,42
1389.015,1,49
1389.505,1,12
1389.995,1,24
1390.485,1,22
1390.974,1,17
1391.464,1,41
1391.954,1,31
1392.444,1,39
1392.933,1,30
1393.423,1,39
1393.912,1,23
1394.402,1,25
1394.891,1,45
1395.381,1,52
1395.870,1,38
1396.359,1,12
1396.849,1,15
1397.338,1,14
1397.827,1,22
1398.316,1,20
1398.806,1,3
1399.295,1,6
1399.784,1,-5
1400.273,1,29
1400.762,1,-2
1401.251,1,24
1401.740,1,34
1402.229,1,61
1402.718,1,26
1403.207,1,13
1403.695,1,24
1404.184,1,26
1404.673,1,8
1405.162,1,11
1405.650,1,22
1406.139,1,33
1406.628,1,4
1407.116,1,9
1407.605,1,-6
1408.093,1,6
1408.582,1,28
1409.070,1,10
1409.558,1,-11
1410.047,1,17
1410.535,1,16
1411.023,1,22
1411.512,1,-15
1412.000,1,1
1412.488,1,-4
1412.976,1,4
1413.464,1,14
1413.952,1,15
1414.440,1,11
1414.928,1,20
1415.416,1,1
1415.904,1,33
1416.392,1,23
1416.880,1,25
1417.368,1,38
1417.855,1,6
1418.343,1,-11
1418.831,1,16
1419.318,1,2
1419.806,1,2
1420.294,1,24
1420.781,1,14
1421.269,1,-19
1421.756,1,7
1422.244,1,-12
1422.731,1,11
1423.218,1,0
1423.706,1,15
1424.193,1,12
1424.680,1,32
1425.167,1,-15
1425.655,1,14
