1212.386,1,-72
1212.890,1,-56
1213.394,1,-64
1213.898,1,-51
1214.402,1,-90
1214.906,1,-65
1215.410,1,-104
1215.914,1,-60
1216.418,1,-67
1216.922,1,-67
1217.426,1,-42
1217.930,1,-39
1218.433,1,-85
1218.937,1,-63
1219.441,1,-70
1219.945,1,-44
1220.448,1,-93
1220.952,1,-89
1221.455,1,-86
1221.959,1,-96
1222.462,1,-53
1222.966,1,-56
1223.469,1,-53
1223.972,1,-71
1224.476,1,-61
1224.979,1,-34
1225.482,1,-70
1225.985,1,-58
1226.488,1,-73
1226.992,1,-41
1227.495,1,-55
1227.998,1,-41
1228.501,1,-84
1229.004,1,-36
1229.507,1,-89
1230.010,1,-79
1230.512,1,-74
1231.015,1,-45
1231.518,1,-81
1232.021,1,-69
1232.523,1,-97
1233.026,1,-91
1233.529,1,-77
1234.031,1,-24
1234.534,1,-117
1235.037,1,-83
1235.539,1,-89
1236.041,1,-44
1236.544,1,-72
1237.046,1,-50
1237.549,1,-126
1238.051,1,-58
1238.553,1,-103
1239.055,1,-37
1239.558,1,-58
1240.060,1,-61
1240.562,1,-73
1241.064,1,-30
1241.566,1,-54
1242.068,1,-72
1242.570,1,-84
1243.072,1,-52
1243.574,1,-88
1244.076,1,-63
1244.578,1,-68
1245.079,1,-26
1245.581,1,-53
1246.083,1,-47
1246.585,1,-64
1247.086,1,-44
1247.588,1,-40
1248.089,1,-44
1248.591,1,-59
1249.092,1,-50
1249.594,1,-47
1250.095,1,-38
1250.597,1,-72
1251.098,1,-20
1251.599,1,-95
1252.101,1,-7
1252.602,1,-80
1253.103,1,-70
1253.604,1,-74
1254.105,1,-66
1254.607,1,-68
1255.108,1,-39
1255.609,1,-102
1256.110,1,-6
1256.611,1,-64
1257.112,1,-85
1257.612,1,-56
1258.113,1,-55
1258.614,1,-70
1259.115,1,-56
1259.616,1,-66
1260.116,1,-28
1260.617,1,-43
1261.117,1,-44
1261.618,1,-60
1262.119,1,-62
1262.619,1,-74
1263.120,1,-35
1263.620,1,-45
1264.120,1,-35
1264.621,1,-60
1265.121,1,-6
1265.621,1,-60
1266.122,1,-65
1266.622,1,-28
1267.122,1,-31
1267.622,1,-61
1268.122,1,-12
1268.622,1,-11
1269.122,1,-7
1269.622,1,-24
1270.122,1,-12
1270.622,1,-35
1271.122,1,-53
1271.622,1,-39
1272.122,1,14
1272.622,1,-4
1273.121,1,-19
1273.621,1,-40
1274.121,1,-45
1274.620,1,-44
1275.120,1,-56
1275.619,1,-30
1276.119,1,1
1276.618,1,-53
1277.118,1,-25
1277.617,1,-24
1278.117,1,-72
1278.616,1,-4
1279.115,1,-25
1279.614,1,-7
1280.114,1,-42
1280.613,1,0
1281.112,1,-1
1281.611,1,-12
1282.110,1,24
1282.609,1,-29
1283.108,1,3
1283.607,1,-23
1284.106,1,12
1284.605,1,7
1285.104,1,22
1285.603,1,4
1286.101,1,42
1286.600,1,40
1287.099,1,27
1287.598,1,25
1288.096,1,4
1288.595,1,55
1289.093,1,33
1289.592,1,3
1290.090,1,46
1290.589,1,14
1291.087,1,35
1291.586,1,58
1292.084,1,1
1292.582,1,-7
1293.080,1,65
1293.579,1,16
1294.077,1,50
1294.575,1,35
1295.073,1,23
1295.571,1,68
1296.069,1,30
1296.567,1,37
1297.065,1,68
1297.563,1,86
1298.061,1,77
1298.559,1,86
1299.057,1,83
1299.555,1,65
1300.052,1,39
1300.550,1,98
1301.048,1,59
1301.545,1,64
1302.043,1,92
1302.540,1,83
1303.038,1,118
1303.535,1,72
1304.033,1,103
1304.530,1,138
1305.028,1,72
1305.525,1,95
1306.022,1,134
1306.520,1,114
1307.017,1,98
1307.514,1,150
1308.011,1,154
1308.508,1,98
1309.005,1,86
1309.502,1,119
1309.999,1,100
1310.496,1,128
1310.993,1,127
1311.490,1,133
1311.987,1,179
1312.484,1,107
1312.981,1,155
1313.477,1,168
1313.974,1,141
1314.471,1,208
1314.968,1,158
1315.464,1,174
1315.961,1,189
1316.457,1,175
1316.954,1,176
1317.450,1,219
1317.947,1,172
1318.443,1,178
1318.939,1,230
1319.436,1,192
1319.932,1,190
1320.428,1,208
1320.924,1,200
1321.420,1,211
1321.917,1,185
1322.413,1,252
1322.909,1,224
1323.405,1,253
1323.901,1,249
1324.397,1,241
1324.893,1,225
1325.388,1,303
1325.884,1,213
1326.380,1,255
1326.876,1,281
1327.372,1,259
1327.867,1,253
1328.363,1,281
1328.859,1,272
1329.354,1,326
1329.850,1,272
1330.345,1,295
1330.841,1,276
1331.336,1,287
1331.831,1,267
1332.327,1,275
1332.822,1,320
1333.317,1,349
1333.813,1,269
1334.308,1,345
1334.803,1,297
1335.298,1,329
1335.793,1,297
1336.288,1,338
1336.783,1,302
1337.278,1,307
1337.773,1,330
1338.268,1,360
1338.763,1,344
1339.258,1,373
1339.753,1,368
1340.247,1,317
1340.742,1,387
1341.237,1,367
1341.731,1,386
1342.226,1,320
1342.721,1,381
1343.215,1,376
1343.710,1,380
1344.204,1,395
1344.699,1,406
1345.193,1,394
1345.687,1,396
1346.182,1,379
1346.676,1,363
1347.170,1,409
1347.664,1,433
1348.159,1,429
1348.653,1,464
1349.147,1,417
1349.641,1,415
1350.135,1,425
1350.629,1,433
1351.123,1,431
1351.617,1,421
1352.111,1,445
1352.604,1,455
1353.098,1,442
1353.592,1,441
1354.086,1,411
1354.579,1,457
1355.073,1,412
1355.567,1,455
1356.060,1,433
1356.554,1,448
1357.047,1,423
1357.541,1,456
1358.034,1,468
1358.528,1,455
1359.021,1,409
1359.514,1,446
1360.008,1,417
1360.501,1,436
1360.994,1,432
1361.487,1,488
1361.980,1,383
1362.474,1,452
1362.967,1,410
1363.460,1,430
1363.953,1,421
1364.446,1,438
1364.939,1,455
1365.431,1,412
1365.924,1,406
1366.417,1,456
1366.910,1,418
1367.403,1,424
1367.895,1,454
1368.388,1,441
1368.881,1,442
1369.373,1,435
1369.866,1,453
1370.358,1,425
1370.851,1,453
1371.343,1,442
1371.836,1,412
1372.328,1,417
1372.820,1,471
1373.313,1,449
1373.805,1,402
1374.297,1,423
1374.789,1,428
1375.281,1,458
1375.774,1,396
1376.266,1,407
1376.758,1,414
1377.250,1,450
1377.742,1,412
1378.234,1,417
1378.725,1,391
1379.217,1,389
1379.709,1,393
1380.201,1,378
1380.693,1,365
1381.184,1,380
1381.676,1,348
1382.168,1,387
1382.659,1,355
1383.151,1,342
1383.642,1,336
1384.134,1,344
1384.625,1,371
1385.117,1,380
1385.608,1,344
1386.099,1,374
1386.591,1,381
1387.082,1,348
1387.573,1,385
1388.064,1,303
1388.556,1,387
1389.047,1,371
1389.538,1,320
1390.029,1,347
1390.520,1,365
1391.011,1,379
1391.502,1,364
1391.993,1,356
1392.483,1,339
1392.974,1,343
1393.465,1,345
1393.956,1,326
1394.447,1,315
1394.937,1,328
1395.428,1,328
1395.918,1,302
1396.409,1,308
1396.900,1,286
1397.390,1,337
1397.880,1,290
1398.371,1,343
1398.861,1,302
1399.352,1,335
1399.842,1,299
1400.332,1,306
1400.822,1,315
1401.313,1,287
1401.803,1,322
1402.293,1,282
1402.783,1,290
1403.273,1,277
1403.763,1,282
1404.253,1,271
1404.743,1,290
1405.233,1,274
1405.723,1,274
1406.213,1,279
1406.702,1,282
1407.192,1,263
1407.682,1,269
1408.172,1,260
1408.661,1,238
1409.151,1,280
1409.640,1,304
1410.130,1,231
1410.619,1,277
1411.109,1,263
1411.598,1,254
1412.088,1,258
1412.577,1,266
1413.066,1,278
1413.556,1,286
1414.045,1,231
1414.534,1,250
1415.023,1,278
1415.512,1,248
1416.001,1,251
1416.490,1,213
1416.979,1,252
1417.468,1,210
1417.957,1,201
1418.446,1,233
1418.935,1,224
1419.424,1,214
1419.913,1,227
1420.402,1,220
1420.890,1,223
1421.379,1,194
1421.868,1,208
1422.356,1,228
1422.845,1,214
1423.333,1,224
1423.822,1,204
1424.310,1,196
1424.799,1,173
1425.287,1,204
1425.776,1,185
1426.264,1,223
1426.752,1,217
1427.240,1,192
1427.729,1,207
1428.217,1,207
1428.705,1,200
1429.193,1,188
1429.681,1,215
1430.169,1,142
1430.657,1,232
1431.145,1,175
1431.633,1,183
1432.121,1,194
1432.609,1,202
1433.096,1,165
1433.584,1,164
1434.072,1,195
1434.560,1,184
1435.047,1,156
1435.535,1,150
1436.022,1,163
1436.510,1,160
1436.998,1,181
1437.485,1,182
1437.972,1,144
1438.460,1,186
1438.947,1,149
1439.435,1,171
1439.922,1,142
1440.409,1,174
1440.896,1,159
1441.383,1,160
1441.871,1,160
1442.358,1,145
1442.845,1,150
1443.332,1,149
1443.819,1,153
1444.306,1,167
1444.793,1,139
1445.280,1,147
1445.766,1,121
1446.253,1,171
1446.740,1,160
1447.227,1,168
1447.713,1,154
1448.200,1,153
1448.687,1,142
1449.173,1,133
1449.660,1,140
1450.146,1,158
1450.633,1,114
1451.119,1,159
1451.606,1,155
1452.092,1,144
1452.578,1,122
1453.065,1,119
1453.551,1,119
1454.037,1,157
1454.523,1,98
1455.009,1,146
1455.496,1,164
1455.982,1,141
1456.468,1,146
1456.954,1,197
1457.440,1,142
1457.926,1,186
1458.411,1,162
1458.897,1,112
1459.383,1,165
1459.869,1,140
1460.355,1,115
1460.840,1,123
1461.326,1,147
1461.812,1,158
1462.297,1,171
1462.783,1,187
1463.268,1,153
1463.754,1,97
1464.239,1,161
1464.725,1,146
1465.210,1,144
