1212.386,1,-22
1212.890,1,-11
1213.394,1,-37
1213.898,1,-35
1214.402,1,-58
1214.906,1,-22
1215.410,1,-44
1215.914,1,-17
1216.418,1,-16
1216.922,1,-47
1217.426,1,16
1217.930,1,-14
1218.433,1,-28
1218.937,1,-59
1219.441,1,-29
1219.945,1,-30
1220.448,1,-13
1220.952,1,-20
1221.455,1,-46
1221.959,1,-45
1222.462,1,5
1222.966,1,-26
1223.469,1,1
1223.972,1,-37
1224.476,1,-23
1224.979,1,-14
1225.482,1,-36
1225.985,1,-10
1226.488,1,-31
1226.992,1,16
1227.495,1,1
1227.998,1,8
1228.501,1,-44
1229.004,1,-12
1229.507,1,-47
1230.010,1,-29
1230.512,1,-13
1231.015,1,11
1231.518,1,-11
1232.021,1,-8
1232.523,1,-47
1233.026,1,-36
1233.529,1,-31
1234.031,1,-14
1234.534,1,-30
1235.037,1,-14
1235.539,1,-31
1236.041,1,-45
1236.544,1,-13
1237.046,1,-5
1237.549,1,-67
1238.051,1,10
1238.553,1,-51
1239.055,1,-12
1239.558,1,-12
1240.060,1,4
1240.562,1,-50
1241.064,1,-9
1241.566,1,-2
1242.068,1,-36
1242.570,1,-14
1243.072,1,1
1243.574,1,-27
1244.076,1,-10
1244.578,1,-13
1245.079,1,2
1245.581,1,1
1246.083,1,4
1246.585,1,-45
1247.086,1,-6
1247.588,1,16
1248.089,1,-7
1248.591,1,16
1249.092,1,-13
1249.594,1,16
1250.095,1,14
1250.597,1,-18
1251.098,1,27
1251.599,1,-27
1252.101,1,28
1252.602,1,-10
1253.103,1,-6
1253.604,1,21
1254.105,1,-5
1254.607,1,5
1255.108,1,-16
1255.609,1,-50
1256.110,1,46
1256.611,1,-2
1257.112,1,-25
1257.612,1,39
1258.113,1,16
1258.614,1,-26
1259.115,1,5
1259.616,1,-10
1260.116,1,22
1260.617,1,20
1261.117,1,12
1261.618,1,23
1262.119,1,11
1262.619,1,10
1263.120,1,8
1263.620,1,25
1264.120,1,17
1264.621,1,41
1265.121,1,59
1265.621,1,11
1266.122,1,25
1266.622,1,51
1267.122,1,35
1267.622,1,15
1268.122,1,46
1268.622,1,59
1269.122,1,67
1269.622,1,37
1270.122,1,64
1270.622,1,60
1271.122,1,36
1271.622,1,37
1272.122,1,72
1272.622,1,60
1273.121,1,29
1273.621,1,27
1274.121,1,55
1274.620,1,41
1275.120,1,23
1275.619,1,55
1276.119,1,60
1276.618,1,22
1277.118,1,41
1277.617,1,59
1278.117,1,38
1278.616,1,93
1279.115,1,59
1279.614,1,79
1280.114,1,76
1280.613,1,90
1281.112,1,85
1281.611,1,107
1282.110,1,109
1282.609,1,62
1283.108,1,125
1283.607,1,74
1284.106,1,113
1284.605,1,74
1285.104,1,122
1285.603,1,130
1286.101,1,133
1286.600,1,147
1287.099,1,126
1287.598,1,114
1288.096,1,107
1288.595,1,168
1289.093,1,139
1289.592,1,135
1290.090,1,160
1290.589,1,153
1291.087,1,167
1291.586,1,165
1292.084,1,146
1292.582,1,120
1293.080,1,175
1293.579,1,163
1294.077,1,209
1294.575,1,189
1295.073,1,179
1295.571,1,180
1296.069,1,153
1296.567,1,160
1297.065,1,185
1297.563,1,205
1298.061,1,206
1298.559,1,216
1299.057,1,250
1299.555,1,219
1300.052,1,226
1300.550,1,240
1301.048,1,226
1301.545,1,256
1302.043,1,269
1302.540,1,239
1303.038,1,280
1303.535,1,253
1304.033,1,277
1304.530,1,325
1305.028,1,249
1305.525,1,296
1306.022,1,306
1306.520,1,326
1307.017,1,317
1307.514,1,342
1308.011,1,324
1308.508,1,291
1309.005,1,324
1309.502,1,312
1309.999,1,297
1310.496,1,366
1310.993,1,347
1311.490,1,332
1311.987,1,388
1312.484,1,341
1312.981,1,362
1313.477,1,407
1313.974,1,381
1314.471,1,427
1314.968,1,375
1315.464,1,425
1315.961,1,425
1316.457,1,418
1316.954,1,423
1317.450,1,461
1317.947,1,411
1318.443,1,434
1318.939,1,489
1319.436,1,451
1319.932,1,455
1320.428,1,470
1320.924,1,500
1321.420,1,484
1321.917,1,493
1322.413,1,534
1322.909,1,520
1323.405,1,513
1323.901,1,546
1324.397,1,560
1324.893,1,519
1325.388,1,590
1325.884,1,535
1326.380,1,583
1326.876,1,591
1327.372,1,570
1327.867,1,593
1328.363,1,594
1328.859,1,599
1329.354,1,631
1329.850,1,609
1330.345,1,602
1330.841,1,646
1331.336,1,628
1331.831,1,627
1332.327,1,626
1332.822,1,689
1333.317,1,676
1333.813,1,663
1334.308,1,677
1334.803,1,674
1335.298,1,705
1335.793,1,687
1336.288,1,695
1336.783,1,715
1337.278,1,689
1337.773,1,694
1338.268,1,736
1338.763,1,731
1339.258,1,733
1339.753,1,784
1340.247,1,721
1340.742,1,775
1341.237,1,801
1341.731,1,749
1342.226,1,763
1342.721,1,778
1343.215,1,805
1343.710,1,800
1344.204,1,798
1344.699,1,793
1345.193,1,807
1345.687,1,803
1346.182,1,799
1346.676,1,773
1347.170,1,832
1347.664,1,826
1348.159,1,853
1348.653,1,825
1349.147,1,825
1349.641,1,812
1350.135,1,873
1350.629,1,832
1351.123,1,870
1351.617,1,833
1352.111,1,853
1352.604,1,863
1353.098,1,867
1353.592,1,862
1354.086,1,834
1354.579,1,873
1355.073,1,867
1355.567,1,880
1356.060,1,857
1356.554,1,829
1357.047,1,844
1357.541,1,875
1358.034,1,883
1358.528,1,871
1359.021,1,850
1359.514,1,843
1360.008,1,847
1360.501,1,825
1360.994,1,833
1361.487,1,868
1361.980,1,811
1362.474,1,837
1362.967,1,810
1363.460,1,803
1363.953,1,822
1364.446,1,809
1364.939,1,855
1365.431,1,776
1365.924,1,820
1366.417,1,863
1366.910,1,815
1367.403,1,809
1367.895,1,821
1368.388,1,820
1368.881,1,827
1369.373,1,819
1369.866,1,825
1370.358,1,788
1370.851,1,811
1371.343,1,772
1371.836,1,799
1372.328,1,794
1372.820,1,816
1373.313,1,797
1373.805,1,803
1374.297,1,787
1374.789,1,793
1375.281,1,789
1375.774,1,737
1376.266,1,746
1376.758,1,720
1377.250,1,748
1377.742,1,749
1378.234,1,714
1378.725,1,711
1379.217,1,683
1379.709,1,680
1380.201,1,663
1380.693,1,669
1381.184,1,662
1381.676,1,629
1382.168,1,652
1382.659,1,633
1383.151,1,610
1383.642,1,593
1384.134,1,585
1384.625,1,593
1385.117,1,615
1385.608,1,608
1386.099,1,636
1386.591,1,642
1387.082,1,602
1387.573,1,637
1388.064,1,579
1388.556,1,585
1389.047,1,585
1389.538,1,588
1390.029,1,558
1390.520,1,579
1391.011,1,599
1391.502,1,558
1391.993,1,564
1392.483,1,550
1392.974,1,552
1393.465,1,570
1393.956,1,529
1394.447,1,560
1394.937,1,515
1395.428,1,559
1395.918,1,479
1396.409,1,513
1396.900,1,488
1397.390,1,546
1397.880,1,466
1398.371,1,528
1398.861,1,466
1399.352,1,505
1399.842,1,471
1400.332,1,497
1400.822,1,466
1401.313,1,445
1401.803,1,480
1402.293,1,456
1402.783,1,433
1403.273,1,440
1403.763,1,444
1404.253,1,415
1404.743,1,425
1405.233,1,383
1405.723,1,420
1406.213,1,430
1406.702,1,409
1407.192,1,388
1407.682,1,393
1408.172,1,403
1408.661,1,356
1409.151,1,396
1409.640,1,394
1410.130,1,364
1410.619,1,390
1411.109,1,374
1411.598,1,367
1412.088,1,360
1412.577,1,364
1413.066,1,388
1413.556,1,388
1414.045,1,336
1414.534,1,348
1415.023,1,365
1415.512,1,370
1416.001,1,365
1416.490,1,322
1416.979,1,347
1417.468,1,299
1417.957,1,314
1418.446,1,330
1418.935,1,315
1419.424,1,302
1419.913,1,323
1420.402,1,299
1420.890,1,303
1421.379,1,286
1421.868,1,332
1422.356,1,276
1422.845,1,288
1423.333,1,274
1423.822,1,282
1424.310,1,279
1424.799,1,251
1425.287,1,295
1425.776,1,303
1426.264,1,274
1426.752,1,265
1427.240,1,241
1427.729,1,280
1428.217,1,241
1428.705,1,248
1429.193,1,251
1429.681,1,273
1430.169,1,220
1430.657,1,270
1431.145,1,218
1431.633,1,262
1432.121,1,221
1432.609,1,215
1433.096,1,261
1433.584,1,201
1434.072,1,201
1434.560,1,230
1435.047,1,206
1435.535,1,204
1436.022,1,212
1436.510,1,221
1436.998,1,216
1437.485,1,206
1437.972,1,202
1438.460,1,212
1438.947,1,195
1439.435,1,220
1439.922,1,181
1440.409,1,228
1440.896,1,206
1441.383,1,169
1441.871,1,214
1442.358,1,193
1442.845,1,190
1443.332,1,176
1443.819,1,155
1444.306,1,207
1444.793,1,139
1445.280,1,183
1445.766,1,157
1446.253,1,197
1446.740,1,169
1447.227,1,206
1447.713,1,178
1448.200,1,182
1448.687,1,192
1449.173,1,148
1449.660,1,173
1450.146,1,185
1450.633,1,125
1451.119,1,206
1451.606,1,190
1452.092,1,179
1452.578,1,176
1453.065,1,138
1453.551,1,169
1454.037,1,171
1454.523,1,139
1455.009,1,198
1455.496,1,190
1455.982,1,171
1456.468,1,194
1456.954,1,200
1457.440,1,166
1457.926,1,177
1458.411,1,169
1458.897,1,131
1459.383,1,199
1459.869,1,171
1460.355,1,146
1460.840,1,145
1461.326,1,175
1461.812,1,158
1462.297,1,166
1462.783,1,175
1463.268,1,186
1463.754,1,139
1464.239,1,172
1464.725,1,167
1465.210,1,161
