1212.386,1,-32
1212.890,1,-8
1213.394,1,-14
1213.898,1,-21
1214.402,1,-49
1214.906,1,-23
1215.410,1,-57
1215.914,1,-31
1216.418,1,-1
1216.922,1,-13
1217.426,1,-4
1217.930,1,16
1218.433,1,-41
1218.937,1,-37
1219.441,1,2
1219.945,1,-13
1220.448,1,-12
1220.952,1,-24
1221.455,1,-19
1221.959,1,-19
1222.462,1,18
1222.966,1,-40
1223.469,1,-1
1223.972,1,-8
1224.476,1,8
1224.979,1,-22
1225.482,1,-21
1225.985,1,12
1226.488,1,14
1226.992,1,8
1227.495,1,-15
1227.998,1,18
1228.501,1,-6
1229.004,1,17
1229.507,1,-34
1230.010,1,-20
1230.512,1,-16
1231.015,1,26
1231.518,1,2
1232.021,1,9
1232.523,1,14
1233.026,1,-8
1233.529,1,7
1234.031,1,59
1234.534,1,-2
1235.037,1,0
1235.539,1,-8
1236.041,1,32
1236.544,1,18
1237.046,1,40
1237.549,1,-23
1238.051,1,57
1238.553,1,30
1239.055,1,37
1239.558,1,17
1240.060,1,24
1240.562,1,49
1241.064,1,43
1241.566,1,87
1242.068,1,37
1242.570,1,36
1243.072,1,79
1243.574,1,52
1244.076,1,42
1244.578,1,67
1245.079,1,89
1245.581,1,87
1246.083,1,83
1246.585,1,81
1247.086,1,96
1247.588,1,104
1248.089,1,79
1248.591,1,81
1249.092,1,100
1249.594,1,106
1250.095,1,116
1250.597,1,68
1251.098,1,144
1251.599,1,82
1252.101,1,153
1252.602,1,97
1253.103,1,87
1253.604,1,125
1254.105,1,124
1254.607,1,138
1255.108,1,142
1255.609,1,95
1256.110,1,168
1256.611,1,130
1257.112,1,150
1257.612,1,154
1258.113,1,158
1258.614,1,149
1259.115,1,144
1259.616,1,152
1260.116,1,174
1260.617,1,192
1261.117,1,170
1261.618,1,168
1262.119,1,179
1262.619,1,223
1263.120,1,205
1263.620,1,234
1264.120,1,222
1264.621,1,227
1265.121,1,245
1265.621,1,219
1266.122,1,250
1266.622,1,273
1267.122,1,242
1267.622,1,243
1268.122,1,302
1268.622,1,298
1269.122,1,316
1269.622,1,290
1270.122,1,321
1270.622,1,320
1271.122,1,286
1271.622,1,309
1272.122,1,359
1272.622,1,356
1273.121,1,341
1273.621,1,323
1274.121,1,376
1274.620,1,378
1275.120,1,328
1275.619,1,391
1276.119,1,402
1276.618,1,367
1277.118,1,407
1277.617,1,429
1278.117,1,407
1278.616,1,462
1279.115,1,455
1279.614,1,489
1280.114,1,442
1280.613,1,494
1281.112,1,507
1281.611,1,515
1282.110,1,535
1282.609,1,500
1283.108,1,555
1283.607,1,530
1284.106,1,577
1284.605,1,570
1285.104,1,591
1285.603,1,593
1286.101,1,656
1286.600,1,649
1287.099,1,640
1287.598,1,656
1288.096,1,628
1288.595,1,705
1289.093,1,667
1289.592,1,688
1290.090,1,704
1290.589,1,727
1291.087,1,726
1291.586,1,795
1292.084,1,750
1292.582,1,719
1293.080,1,811
1293.579,1,784
1294.077,1,842
1294.575,1,832
1295.073,1,844
1295.571,1,894
1296.069,1,842
1296.567,1,867
1297.065,1,908
1297.563,1,945
1298.061,1,955
1298.559,1,980
1299.057,1,1035
1299.555,1,1016
1300.052,1,965
1300.550,1,1062
1301.048,1,1046
1301.545,1,1056
1302.043,1,1091
1302.540,1,1082
1303.038,1,1113
1303.535,1,1098
1304.033,1,1136
1304.530,1,1195
1305.028,1,1133
1305.525,1,1184
1306.022,1,1216
1306.520,1,1223
1307.017,1,1241
1307.514,1,1241
1308.011,1,1282
1308.508,1,1269
1309.005,1,1275
1309.502,1,1299
1309.999,1,1323
1310.496,1,1371
1310.993,1,1364
1311.490,1,1368
1311.987,1,1426
1312.484,1,1366
1312.981,1,1414
1313.477,1,1474
1313.974,1,1432
1314.471,1,1506
1314.968,1,1498
1315.464,1,1519
1315.961,1,1540
1316.457,1,1525
1316.954,1,1530
1317.450,1,1578
1317.947,1,1562
1318.443,1,1585
1318.939,1,1635
1319.436,1,1617
1319.932,1,1636
1320.428,1,1669
1320.924,1,1666
1321.420,1,1700
1321.917,1,1680
1322.413,1,1753
1322.909,1,1741
1323.405,1,1801
1323.901,1,1782
1324.397,1,1800
1324.893,1,1787
1325.388,1,1866
1325.884,1,1821
1326.380,1,1852
1326.876,1,1868
1327.372,1,1854
1327.867,1,1882
1328.363,1,1875
1328.859,1,1911
1329.354,1,1935
1329.850,1,1919
1330.345,1,1934
1330.841,1,1944
1331.336,1,1942
1331.831,1,1969
1332.327,1,1963
1332.822,1,1979
1333.317,1,2009
1333.813,1,1986
1334.308,1,2006
1334.803,1,2003
1335.298,1,2048
1335.793,1,2016
1336.288,1,2036
1336.783,1,2023
1337.278,1,2014
1337.773,1,2039
1338.268,1,2065
1338.763,1,2065
1339.258,1,2111
1339.753,1,2115
1340.247,1,2035
1340.742,1,2118
1341.237,1,2098
1341.731,1,2070
1342.226,1,2042
1342.721,1,2092
1343.215,1,2083
1343.710,1,2067
1344.204,1,2080
1344.699,1,2089
1345.193,1,2074
1345.687,1,2043
1346.182,1,2081
1346.676,1,2021
1347.170,1,2087
1347.664,1,2116
1348.159,1,2085
1348.653,1,2054
1349.147,1,2035
1349.641,1,2020
1350.135,1,2020
1350.629,1,1989
1351.123,1,2000
1351.617,1,1986
1352.111,1,2035
1352.604,1,2002
1353.098,1,1977
1353.592,1,1980
1354.086,1,1935
1354.579,1,1956
1355.073,1,1925
1355.567,1,1920
1356.060,1,1889
1356.554,1,1876
1357.047,1,1836
1357.541,1,1858
1358.034,1,1871
1358.528,1,1835
1359.021,1,1793
1359.514,1,1785
1360.008,1,1766
1360.501,1,1742
1360.994,1,1711
1361.487,1,1733
1361.980,1,1649
1362.474,1,1682
1362.967,1,1655
1363.460,1,1611
1363.953,1,1601
1364.446,1,1611
1364.939,1,1612
1365.431,1,1548
1365.924,1,1555
1366.417,1,1590
1366.910,1,1542
1367.403,1,1533
1367.895,1,1543
1368.388,1,1522
1368.881,1,1512
1369.373,1,1472
1369.866,1,1471
1370.358,1,1437
1370.851,1,1434
1371.343,1,1400
1371.836,1,1408
1372.328,1,1377
1372.820,1,1391
1373.313,1,1380
1373.805,1,1323
1374.297,1,1312
1374.789,1,1349
1375.281,1,1310
1375.774,1,1228
1376.266,1,1202
1376.758,1,1240
1377.250,1,1222
1377.742,1,1172
1378.234,1,1152
1378.725,1,1115
1379.217,1,1101
1379.709,1,1075
1380.201,1,1040
1380.693,1,1023
1381.184,1,996
1381.676,1,956
1382.168,1,956
1382.659,1,930
1383.151,1,868
1383.642,1,880
1384.134,1,871
1384.625,1,893
1385.117,1,875
1385.608,1,868
1386.099,1,881
1386.591,1,847
1387.082,1,810
1387.573,1,859
1388.064,1,785
1388.556,1,812
1389.047,1,791
1389.538,1,792
1390.029,1,768
1390.520,1,755
1391.011,1,767
1391.502,1,756
1391.993,1,739
1392.483,1,735
1392.974,1,730
1393.465,1,702
1393.956,1,664
1394.447,1,671
1394.937,1,630
1395.428,1,654
1395.918,1,591
1396.409,1,607
1396.900,1,577
1397.390,1,623
1397.880,1,582
1398.371,1,609
1398.861,1,558
1399.352,1,566
1399.842,1,566
1400.332,1,552
1400.822,1,530
1401.313,1,499
1401.803,1,522
1402.293,1,478
1402.783,1,495
1403.273,1,503
1403.763,1,485
1404.253,1,456
1404.743,1,450
1405.233,1,439
1405.723,1,455
1406.213,1,453
1406.702,1,440
1407.192,1,413
1407.682,1,416
1408.172,1,387
1408.661,1,400
1409.151,1,419
1409.640,1,395
1410.130,1,371
1410.619,1,399
1411.109,1,360
1411.598,1,374
1412.088,1,364
1412.577,1,369
1413.066,1,364
1413.556,1,372
1414.045,1,351
1414.534,1,334
1415.023,1,336
1415.512,1,346
1416.001,1,320
1416.490,1,309
1416.979,1,341
1417.468,1,327
1417.957,1,270
1418.446,1,311
1418.935,1,293
1419.424,1,291
1419.913,1,289
1420.402,1,266
1420.890,1,299
1421.379,1,271
1421.868,1,286
1422.356,1,291
1422.845,1,268
1423.333,1,290
1423.822,1,277
1424.310,1,271
1424.799,1,232
1425.287,1,277
1425.776,1,234
1426.264,1,277
1426.752,1,243
1427.240,1,194
1427.729,1,243
1428.217,1,238
1428.705,1,229
1429.193,1,211
1429.681,1,226
1430.169,1,166
1430.657,1,241
1431.145,1,211
1431.633,1,214
1432.121,1,222
1432.609,1,200
1433.096,1,196
1433.584,1,198
1434.072,1,232
1434.560,1,210
1435.047,1,179
1435.535,1,168
1436.022,1,170
1436.510,1,181
1436.998,1,174
1437.485,1,180
1437.972,1,144
1438.460,1,176
1438.947,1,171
1439.435,1,182
1439.922,1,162
1440.409,1,189
1440.896,1,157
1441.383,1,155
1441.871,1,150
1442.358,1,160
1442.845,1,142
1443.332,1,130
1443.819,1,162
1444.306,1,162
1444.793,1,163
1445.280,1,157
1445.766,1,120
1446.253,1,181
1446.740,1,146
1447.227,1,168
1447.713,1,142
1448.200,1,145
1448.687,1,158
1449.173,1,128
1449.660,1,120
1450.146,1,130
1450.633,1,108
1451.119,1,161
1451.606,1,148
1452.092,1,118
1452.578,1,131
1453.065,1,115
1453.551,1,137
1454.037,1,148
1454.523,1,109
1455.009,1,124
1455.496,1,144
1455.982,1,124
1456.468,1,155
1456.954,1,165
1457.440,1,141
1457.926,1,152
1458.411,1,134
1458.897,1,89
1459.383,1,134
1459.869,1,112
1460.355,1,127
1460.840,1,118
1461.326,1,155
1461.812,1,119
1462.297,1,146
1462.783,1,138
1463.268,1,140
1463.754,1,82
1464.239,1,140
1464.725,1,117
1465.210,1,112
