1171.978,1,-6
1172.483,1,12
1172.989,1,17
1173.495,1,39
1174.000,1,39
1174.506,1,18
1175.011,1,25
1175.517,1,7
1176.022,1,24
1176.528,1,27
1177.033,1,25
1177.538,1,-3
1178.044,1,4
1178.549,1,-10
1179.054,1,37
1179.559,1,8
1180.064,1,14
1180.569,1,-1
1181.075,1,57
1181.580,1,16
1182.085,1,30
1182.589,1,20
1183.094,1,6
1183.599,1,28
1184.104,1,13
1184.609,1,18
1185.114,1,26
1185.618,1,45
1186.123,1,41
1186.628,1,24
1187.132,1,57
1187.637,1,12
1188.142,1,49
1188.646,1,38
1189.151,1,18
1189.655,1,52
1190.159,1,20
1190.664,1,25
1191.168,1,52
1191.672,1,69
1192.177,1,53
1192.681,1,34
1193.185,1,33
1193.689,1,26
1194.193,1,55
1194.698,1,58
1195.202,1,34
1195.706,1,38
1196.210,1,40
1196.713,1,74
1197.217,1,10
1197.721,1,32
1198.225,1,53
1198.729,1,95
1199.233,1,33
1199.736,1,74
1200.240,1,80
1200.744,1,69
1201.247,1,51
1201.751,1,68
1202.254,1,94
1202.758,1,90
1203.261,1,80
1203.765,1,52
1204.268,1,86
1204.772,1,96
1205.275,1,88
1205.778,1,69
1206.281,1,90
1206.785,1,94
1207.288,1,104
1207.791,1,77
1208.294,1,82
1208.797,1,109
1209.300,1,107
1209.803,1,91
1210.306,1,119
1210.809,1,121
1211.312,1,127
1211.815,1,132
1212.318,1,120
1212.820,1,119
1213.323,1,142
1213.826,1,137
1214.329,1,143
1214.831,1,163
1215.334,1,161
1215.836,1,153
1216.339,1,137
1216.841,1,158
1217.344,1,147
1217.846,1,153
1218.349,1,191
1218.851,1,158
1219.353,1,156
1219.856,1,185
1220.358,1,177
1220.860,1,183
1221.362,1,192
1221.864,1,183
1222.366,1,194
1222.868,1,225
1223.370,1,184
1223.872,1,203
1224.374,1,225
1224.876,1,245
1225.378,1,227
1225.880,1,225
1226.382,1,259
1226.884,1,214
1227.385,1,276
1227.887,1,272
1228.389,1,264
1228.890,1,235
1229.392,1,310
1229.893,1,294
1230.395,1,300
1230.896,1,275
1231.398,1,307
1231.899,1,296
1232.401,1,305
1232.902,1,359
1233.403,1,308
1233.904,1,354
1234.406,1,326
1234.907,1,364
1235.408,1,369
1235.909,1,399
1236.410,1,368
1236.911,1,386
1237.412,1,384
1237.913,1,394
1238.414,1,396
1238.915,1,457
1239.416,1,408
1239.917,1,428
1240.417,1,429
1240.918,1,436
1241.419,1,461
1241.920,1,477
1242.420,1,489
1242.921,1,512
1243.421,1,493
1243.922,1,520
1244.422,1,525
1244.923,1,513
1245.423,1,543
1245.924,1,566
1246.424,1,552
1246.924,1,534
1247.425,1,577
1247.925,1,593
1248.425,1,588
1248.925,1,638
1249.425,1,630
1249.925,1,641
1250.425,1,642
1250.925,1,661
1251.425,1,699
1251.925,1,700
1252.425,1,687
1252.925,1,708
1253.425,1,750
1253.925,1,737
1254.425,1,760
1254.924,1,789
1255.424,1,771
1255.924,1,766
1256.423,1,834
1256.923,1,837
1257.422,1,859
1257.922,1,850
1258.421,1,886
1258.921,1,900
1259.420,1,906
1259.920,1,939
1260.419,1,932
1260.918,1,928
1261.418,1,986
1261.917,1,996
1262.416,1,983
1262.915,1,1027
1263.414,1,1043
1263.913,1,1047
1264.412,1,1056
1264.911,1,1098
1265.410,1,1106
1265.909,1,1112
1266.408,1,1115
1266.907,1,1144
1267.406,1,1142
1267.905,1,1183
1268.403,1,1183
1268.902,1,1211
1269.401,1,1229
1269.899,1,1235
1270.398,1,1240
1270.897,1,1294
1271.395,1,1299
1271.894,1,1310
1272.392,1,1345
1272.891,1,1348
1273.389,1,1359
1273.887,1,1393
1274.386,1,1404
1274.884,1,1449
1275.382,1,1454
1275.880,1,1458
1276.379,1,1453
1276.877,1,1484
1277.375,1,1508
1277.873,1,1522
1278.371,1,1530
1278.869,1,1540
1279.367,1,1573
1279.865,1,1574
1280.363,1,1582
1280.860,1,1623
1281.358,1,1646
1281.856,1,1676
1282.354,1,1681
1282.852,1,1732
1283.349,1,1721
1283.847,1,1767
1284.344,1,1761
1284.842,1,1776
1285.339,1,1772
1285.837,1,1798
1286.334,1,1812
1286.832,1,1849
1287.329,1,1851
1287.827,1,1875
1288.324,1,1877
1288.821,1,1920
1289.318,1,1890
1289.816,1,1951
1290.313,1,1960
1290.810,1,1946
1291.307,1,2000
1291.804,1,2026
1292.301,1,2028
1292.798,1,2021
1293.295,1,2043
1293.792,1,2069
1294.289,1,2071
1294.785,1,2112
1295.282,1,2127
1295.779,1,2148
1296.276,1,2154
1296.772,1,2161
1297.269,1,2170
1297.766,1,2222
1298.262,1,2204
1298.759,1,2221
1299.255,1,2283
1299.752,1,2283
1300.248,1,2247
1300.745,1,2280
1301.241,1,2250
1301.737,1,2268
1302.234,1,2318
1302.730,1,2308
1303.226,1,2302
1303.722,1,2343
1304.218,1,2309
1304.714,1,2319
1305.211,1,2366
1305.707,1,2347
1306.203,1,2357
1306.699,1,2377
1307.194,1,2372
1307.690,1,2356
1308.186,1,2368
1308.682,1,2390
1309.178,1,2417
1309.674,1,2387
1310.169,1,2373
1310.665,1,2421
1311.161,1,2386
1311.656,1,2437
1312.152,1,2415
1312.647,1,2424
1313.143,1,2438
1313.638,1,2434
1314.134,1,2447
1314.629,1,2412
1315.124,1,2412
1315.620,1,2424
1316.115,1,2422
1316.610,1,2396
1317.105,1,2451
1317.600,1,2420
1318.096,1,2436
1318.591,1,2395
1319.086,1,2398
1319.581,1,2410
1320.076,1,2413
1320.571,1,2383
1321.066,1,2393
1321.560,1,2371
1322.055,1,2363
1322.550,1,2392
1323.045,1,2364
1323.540,1,2355
1324.034,1,2295
1324.529,1,2320
1325.024,1,2312
1325.518,1,2302
1326.013,1,2314
1326.507,1,2283
1327.002,1,2288
1327.496,1,2253
1327.991,1,2283
1328.485,1,2265
1328.979,1,2238
1329.474,1,2254
1329.968,1,2229
1330.462,1,2212
1330.956,1,2223
1331.450,1,2205
1331.944,1,2191
1332.439,1,2159
1332.933,1,2130
1333.427,1,2118
1333.921,1,2129
1334.414,1,2115
1334.908,1,2112
1335.402,1,2049
1335.896,1,2050
1336.390,1,2026
1336.884,1,2014
1337.377,1,1997
1337.871,1,1987
1338.365,1,1988
1338.858,1,1936
1339.352,1,1923
1339.845,1,1912
1340.339,1,1896
1340.832,1,1876
1341.326,1,1843
1341.819,1,1833
1342.312,1,1792
1342.806,1,1810
1343.299,1,1806
1343.792,1,1731
1344.285,1,1708
1344.779,1,1675
1345.272,1,1710
1345.765,1,1669
1346.258,1,1610
1346.751,1,1602
1347.244,1,1562
1347.737,1,1564
1348.230,1,1537
1348.723,1,1507
1349.215,1,1472
1349.708,1,1467
1350.201,1,1472
1350.694,1,1444
1351.186,1,1414
1351.679,1,1388
1352.172,1,1388
1352.664,1,1358
1353.157,1,1324
1353.649,1,1308
1354.142,1,1276
1354.634,1,1244
1355.127,1,1216
1355.619,1,1194
1356.111,1,1173
1356.604,1,1148
1357.096,1,1107
1357.588,1,1093
1358.080,1,1059
1358.573,1,1066
1359.065,1,1018
1359.557,1,998
1360.049,1,1000
1360.541,1,981
1361.033,1,944
1361.525,1,927
1362.017,1,907
1362.508,1,865
1363.000,1,868
1363.492,1,850
1363.984,1,820
1364.476,1,847
1364.967,1,800
1365.459,1,785
1365.951,1,794
1366.442,1,759
1366.934,1,740
1367.425,1,732
1367.917,1,735
1368.408,1,699
1368.899,1,668
1369.391,1,640
1369.882,1,632
1370.373,1,631
1370.865,1,608
1371.356,1,605
1371.847,1,621
1372.338,1,569
1372.829,1,544
1373.320,1,538
1373.811,1,526
1374.302,1,540
1374.793,1,505
1375.284,1,515
1375.775,1,500
1376.266,1,493
1376.757,1,465
1377.247,1,436
1377.738,1,443
1378.229,1,407
1378.720,1,380
1379.210,1,396
1379.701,1,376
1380.191,1,382
1380.682,1,345
1381.172,1,336
1381.663,1,356
1382.153,1,337
1382.644,1,322
1383.134,1,284
1383.624,1,321
1384.115,1,275
1384.605,1,301
1385.095,1,293
1385.585,1,298
1386.075,1,256
1386.565,1,268
1387.055,1,262
1387.545,1,238
1388.035,1,204
1388.525,1,234
1389.015,1,253
1389.505,1,201
1389.995,1,210
1390.485,1,217
1390.974,1,208
1391.464,1,227
1391.954,1,197
1392.444,1,197
1392.933,1,198
1393.423,1,169
1393.912,1,168
1394.402,1,174
1394.891,1,185
1395.381,1,165
1395.870,1,185
1396.359,1,125
1396.849,1,159
1397.338,1,132
1397.827,1,148
1398.316,1,139
1398.806,1,113
1399.295,1,129
1399.784,1,105
1400.273,1,124
1400.762,1,122
1401.251,1,120
1401.740,1,127
1402.229,1,150
1402.718,1,89
1403.207,1,99
1403.695,1,113
1404.184,1,120
1404.673,1,108
1405.162,1,109
1405.650,1,94
1406.139,1,113
1406.628,1,103
1407.116,1,95
1407.605,1,90
1408.093,1,94
1408.582,1,62
1409.070,1,74
1409.558,1,64
1410.047,1,52
1410.535,1,78
1411.023,1,64
1411.512,1,51
1412.000,1,56
1412.488,1,51
1412.976,1,64
1413.464,1,76
1413.952,1,45
1414.440,1,61
1414.928,1,66
1415.416,1,71
1415.904,1,73
1416.392,1,49
1416.880,1,69
1417.368,1,71
1417.855,1,62
1418.343,1,16
1418.831,1,55
1419.318,1,44
1419.806,1,68
1420.294,1,51
1420.781,1,40
1421.269,1,41
1421.756,1,19
1422.244,1,20
1422.731,1,28
1423.218,1,30
1423.706,1,48
1424.193,1,48
1424.680,1,44
1425.167,1,29
1425.655,1,40
