20 cycly, 2.1MHz, 10v PtP
temperatuur: 18.5°C

piek altijd bij freq +/- 3Hz à 4Hz

freq	amp	err	factor


12870	7.7	0.2	0.05
12979	8.0	0.2	0.05

13056	8.0	0.2	0.05
13138	4.05	0.2	0.1
13222	4.2	0.2	0.1
13306	4.5	0.2	0.1
[ff pauze]
13388	4.9	0.2	0.1
13470	5.2	0.2	0.1
13552	5.4	0.2	0.1
13638	5.5	0.2	0.1
13728	5.6	0.2	0.1
13818	5.8	0.2	0.1
13912	6.0	0.2	0.1
14006	6.2	0.2	0.1
14102	6.6	0.2	0.1
14198	6.8	0.2	0.1

14296	6.8	0.2	0.1
14396	6.4	0.2	0.1
14498	6.2	0.2	0.1
14600	5.8	0.2	0.1
14702	5.5	0.2	0.1
14814	5.4	0.2	0.1
14914	5.3	0.2	0.1
15016	5.2	0.2	0.1
15121	4.9	0.2	0.1
[zeeeeeeeeer lange pauze]
15207	4.8	0.2	0.1
15320	4.7	0.2	0.1
15430	4.6	0.2	0.1
15542	4.5	0.2	0.1
15656	4.4	0.2	0.1
15772	4.2	0.2	0.1
15888	8.1	0.2	0.05
16010	8.0	0.2	0.05
16134	7.95	0.2	0.05
16256	7.8	0.2	0.05
16384	7.6	0.2	0.05





15121	4.9	0.2	0.1
later ook (zelfde piek)
15108	5.0	0.2	0.1


15016	5.2	0.2	0.1
later ook (zelfde piek)
15002	5.2	0.2	0.1





tweede run:
na "opwarming"
14188	6.7	0.2	0.1
14285	6.7	0.2	0.1

