1060.885,1,-10
1061.394,1,-7
1061.904,1,22
1062.414,1,17
1062.923,1,16
1063.433,1,22
1063.943,1,18
1064.452,1,8
1064.962,1,55
1065.471,1,60
1065.981,1,42
1066.490,1,29
1066.999,1,34
1067.509,1,1
1068.018,1,27
1068.527,1,9
1069.037,1,-10
1069.546,1,-10
1070.055,1,53
1070.564,1,-12
1071.073,1,25
1071.582,1,4
1072.091,1,5
1072.600,1,11
1073.109,1,15
1073.618,1,3
1074.127,1,12
1074.636,1,8
1075.145,1,15
1075.654,1,-2
1076.162,1,35
1076.671,1,-18
1077.180,1,23
1077.688,1,-12
1078.197,1,18
1078.706,1,31
1079.214,1,-2
1079.723,1,13
1080.231,1,27
1080.740,1,35
1081.248,1,26
1081.756,1,17
1082.265,1,8
1082.773,1,16
1083.281,1,37
1083.790,1,46
1084.298,1,-1
1084.806,1,9
1085.314,1,15
1085.822,1,7
1086.330,1,-36
1086.838,1,1
1087.346,1,0
1087.854,1,47
1088.362,1,29
1088.870,1,19
1089.378,1,33
1089.886,1,11
1090.393,1,15
1090.901,1,14
1091.409,1,29
1091.917,1,33
1092.424,1,35
1092.932,1,-13
1093.439,1,45
1093.947,1,37
1094.455,1,4
1094.962,1,12
1095.469,1,-5
1095.977,1,-1
1096.484,1,22
1096.992,1,12
1097.499,1,21
1098.006,1,33
1098.513,1,11
1099.021,1,23
1099.528,1,18
1100.035,1,37
1100.542,1,41
1101.049,1,31
1101.556,1,5
1102.063,1,20
1102.570,1,50
1103.077,1,57
1103.584,1,20
1104.091,1,43
1104.597,1,20
1105.104,1,35
1105.611,1,16
1106.118,1,23
1106.624,1,7
1107.131,1,56
1107.637,1,43
1108.144,1,15
1108.651,1,14
1109.157,1,15
1109.664,1,41
1110.170,1,35
1110.676,1,27
1111.183,1,17
1111.689,1,49
1112.195,1,35
1112.702,1,30
1113.208,1,38
1113.714,1,40
1114.220,1,48
1114.726,1,63
1115.232,1,45
1115.738,1,54
1116.244,1,37
1116.750,1,67
1117.256,1,59
1117.762,1,47
1118.268,1,47
1118.774,1,62
1119.280,1,65
1119.786,1,77
1120.291,1,55
1120.797,1,94
1121.303,1,64
1121.808,1,47
1122.314,1,95
1122.819,1,70
1123.325,1,77
1123.830,1,36
1124.336,1,91
1124.841,1,96
1125.347,1,87
1125.852,1,86
1126.357,1,104
1126.863,1,109
1127.368,1,98
1127.873,1,98
1128.378,1,147
1128.883,1,108
1129.389,1,113
1129.894,1,89
1130.399,1,133
1130.904,1,145
1131.409,1,155
1131.914,1,160
1132.418,1,164
1132.923,1,148
1133.428,1,167
1133.933,1,167
1134.438,1,167
1134.942,1,174
1135.447,1,185
1135.952,1,182
1136.456,1,205
1136.961,1,191
1137.466,1,227
1137.970,1,210
1138.475,1,242
1138.979,1,239
1139.483,1,230
1139.988,1,237
1140.492,1,253
1140.996,1,296
1141.501,1,268
1142.005,1,303
1142.509,1,294
1143.013,1,317
1143.518,1,316
1144.022,1,333
1144.526,1,335
1145.030,1,355
1145.534,1,366
1146.038,1,385
1146.542,1,378
1147.046,1,391
1147.549,1,399
1148.053,1,442
1148.557,1,437
1149.061,1,451
1149.564,1,488
1150.068,1,451
1150.572,1,519
1151.075,1,499
1151.579,1,535
1152.083,1,510
1152.586,1,572
1153.090,1,594
1153.593,1,614
1154.096,1,612
1154.600,1,622
1155.103,1,656
1155.606,1,689
1156.110,1,678
1156.613,1,698
1157.116,1,696
1157.619,1,739
1158.122,1,757
1158.625,1,787
1159.129,1,828
1159.632,1,831
1160.135,1,824
1160.638,1,891
1161.140,1,887
1161.643,1,916
1162.146,1,945
1162.649,1,983
1163.152,1,1002
1163.655,1,1024
1164.157,1,1029
1164.660,1,1096
1165.163,1,1090
1165.665,1,1115
1166.168,1,1124
1166.670,1,1162
1167.173,1,1194
1167.675,1,1209
1168.178,1,1276
1168.680,1,1256
1169.182,1,1310
1169.685,1,1324
1170.187,1,1367
1170.689,1,1421
1171.192,1,1462
1171.694,1,1479
1172.196,1,1503
1172.698,1,1555
1173.200,1,1566
1173.702,1,1637
1174.204,1,1661
1174.706,1,1690
1175.208,1,1720
1175.710,1,1774
1176.212,1,1796
1176.714,1,1843
1177.216,1,1870
1177.717,1,1923
1178.219,1,1955
1178.721,1,2019
1179.222,1,2023
1179.724,1,2088
1180.226,1,2159
1180.727,1,2155
1181.229,1,2210
1181.730,1,2262
1182.232,1,2284
1182.733,1,2308
1183.235,1,2366
1183.736,1,2431
1184.237,1,2475
1184.739,1,2541
1185.240,1,2590
1185.741,1,2657
1186.242,1,2670
1186.743,1,2710
1187.244,1,2763
1187.746,1,2838
1188.247,1,2877
1188.748,1,2910
1189.249,1,3012
1189.750,1,3073
1190.250,1,3080
1190.751,1,3151
1191.252,1,3174
1191.753,1,3215
1192.254,1,3283
1192.754,1,3313
1193.255,1,3360
1193.756,1,3445
1194.256,1,3496
1194.757,1,3517
1195.258,1,3619
1195.758,1,3659
1196.259,1,3734
1196.759,1,3776
1197.259,1,3873
1197.760,1,3843
1198.260,1,3947
1198.761,1,3997
1199.261,1,4077
1199.761,1,4086
1200.261,1,4128
1200.761,1,4190
1201.262,1,4228
1201.762,1,4332
1202.262,1,4387
1202.762,1,4419
1203.262,1,4489
1203.762,1,4516
1204.262,1,4542
1204.762,1,4575
1205.262,1,4614
1205.761,1,4696
1206.261,1,4699
1206.761,1,4714
1207.261,1,4815
1207.760,1,4792
1208.260,1,4858
1208.760,1,4802
1209.259,1,4893
1209.759,1,4868
1210.258,1,4916
1210.758,1,4918
1211.257,1,4930
1211.757,1,4921
1212.256,1,4901
1212.755,1,4960
1213.255,1,4947
1213.754,1,4929
1214.253,1,4906
1214.752,1,4900
1215.252,1,4914
1215.751,1,4886
1216.250,1,4877
1216.749,1,4846
1217.248,1,4826
1217.747,1,4789
1218.246,1,4818
1218.745,1,4696
1219.244,1,4709
1219.742,1,4677
1220.241,1,4622
1220.740,1,4598
1221.239,1,4591
1221.738,1,4489
1222.236,1,4461
1222.735,1,4381
1223.234,1,4362
1223.732,1,4277
1224.231,1,4238
1224.729,1,4139
1225.228,1,4101
1225.726,1,4008
1226.224,1,3949
1226.723,1,3871
1227.221,1,3834
1227.719,1,3746
1228.218,1,3679
1228.716,1,3611
1229.214,1,3507
1229.712,1,3414
1230.210,1,3328
1230.709,1,3249
1231.207,1,3199
1231.705,1,3100
1232.203,1,3005
1232.701,1,2925
1233.199,1,2893
1233.696,1,2813
1234.194,1,2720
1234.692,1,2638
1235.190,1,2544
1235.688,1,2486
1236.185,1,2412
1236.683,1,2298
1237.181,1,2251
1237.678,1,2193
1238.176,1,2129
1238.673,1,2067
1239.171,1,1963
1239.668,1,1877
1240.166,1,1870
1240.663,1,1804
1241.161,1,1712
1241.658,1,1683
1242.155,1,1575
1242.652,1,1558
1243.150,1,1504
1243.647,1,1429
1244.144,1,1414
1244.641,1,1368
1245.138,1,1294
1245.635,1,1256
1246.132,1,1180
1246.629,1,1164
1247.126,1,1108
1247.623,1,1068
1248.120,1,1026
1248.617,1,975
1249.114,1,981
1249.610,1,880
1250.107,1,858
1250.604,1,851
1251.100,1,811
1251.597,1,784
1252.094,1,757
1252.590,1,740
1253.087,1,691
1253.583,1,668
1254.080,1,643
1254.576,1,612
1255.073,1,609
1255.569,1,540
1256.065,1,533
1256.562,1,536
1257.058,1,521
1257.554,1,484
1258.050,1,469
1258.546,1,470
1259.042,1,427
1259.539,1,379
1260.035,1,379
1260.531,1,386
1261.027,1,382
1261.523,1,338
1262.018,1,335
1262.514,1,349
1263.010,1,332
1263.506,1,273
1264.002,1,268
1264.497,1,276
1264.993,1,274
1265.489,1,258
1265.984,1,270
1266.480,1,237
1266.976,1,220
1267.471,1,225
1267.967,1,210
1268.462,1,189
1268.957,1,180
1269.453,1,177
1269.948,1,166
1270.444,1,162
1270.939,1,186
1271.434,1,153
1271.929,1,146
1272.424,1,161
1272.920,1,138
1273.415,1,143
1273.910,1,117
1274.405,1,172
1274.900,1,116
1275.395,1,102
1275.890,1,114
1276.385,1,109
1276.879,1,88
1277.374,1,97
1277.869,1,74
1278.364,1,108
1278.859,1,92
1279.353,1,91
1279.848,1,95
1280.343,1,68
1280.837,1,54
1281.332,1,59
1281.826,1,63
1282.321,1,67
1282.815,1,98
1283.310,1,58
1283.804,1,56
1284.298,1,62
1284.793,1,67
1285.287,1,57
1285.781,1,89
1286.275,1,68
1286.769,1,77
1287.264,1,31
1287.758,1,58
1288.252,1,16
1288.746,1,60
1289.240,1,57
1289.734,1,16
1290.228,1,38
1290.722,1,44
1291.215,1,65
1291.709,1,27
1292.203,1,57
1292.697,1,66
1293.190,1,43
1293.684,1,15
1294.178,1,17
1294.671,1,26
1295.165,1,30
1295.659,1,41
1296.152,1,28
1296.646,1,58
1297.139,1,55
1297.632,1,30
1298.126,1,19
1298.619,1,39
1299.112,1,6
1299.606,1,50
1300.099,1,19
1300.592,1,29
1301.085,1,20
1301.578,1,53
1302.071,1,31
1302.564,1,-2
1303.058,1,17
1303.550,1,12
1304.043,1,4
1304.536,1,11
1305.029,1,16
1305.522,1,38
1306.015,1,26
1306.508,1,49
1307.000,1,44
1307.493,1,30
1307.986,1,17
1308.478,1,47
1308.971,1,16
1309.464,1,29
1309.956,1,23
1310.449,1,31
1310.941,1,30
1311.434,1,35
1311.926,1,0
1312.418,1,25
1312.911,1,8
1313.403,1,3
1313.895,1,25
1314.387,1,2
1314.880,1,33
1315.372,1,27
1315.864,1,23
1316.356,1,9
1316.848,1,18
