1212.386,1,74
1212.890,1,89
1213.394,1,97
1213.898,1,97
1214.402,1,53
1214.906,1,103
1215.410,1,80
1215.914,1,112
1216.418,1,127
1216.922,1,125
1217.426,1,115
1217.930,1,132
1218.433,1,119
1218.937,1,131
1219.441,1,149
1219.945,1,152
1220.448,1,137
1220.952,1,142
1221.455,1,126
1221.959,1,153
1222.462,1,162
1222.966,1,154
1223.469,1,212
1223.972,1,184
1224.476,1,168
1224.979,1,191
1225.482,1,201
1225.985,1,196
1226.488,1,189
1226.992,1,223
1227.495,1,234
1227.998,1,235
1228.501,1,211
1229.004,1,250
1229.507,1,203
1230.010,1,219
1230.512,1,251
1231.015,1,284
1231.518,1,279
1232.021,1,272
1232.523,1,256
1233.026,1,285
1233.529,1,289
1234.031,1,337
1234.534,1,296
1235.037,1,333
1235.539,1,306
1236.041,1,356
1236.544,1,357
1237.046,1,358
1237.549,1,344
1238.051,1,374
1238.553,1,363
1239.055,1,417
1239.558,1,427
1240.060,1,425
1240.562,1,442
1241.064,1,468
1241.566,1,475
1242.068,1,444
1242.570,1,450
1243.072,1,499
1243.574,1,486
1244.076,1,504
1244.578,1,527
1245.079,1,550
1245.581,1,567
1246.083,1,545
1246.585,1,566
1247.086,1,582
1247.588,1,624
1248.089,1,618
1248.591,1,642
1249.092,1,645
1249.594,1,668
1250.095,1,689
1250.597,1,655
1251.098,1,729
1251.599,1,679
1252.101,1,765
1252.602,1,704
1253.103,1,755
1253.604,1,773
1254.105,1,770
1254.607,1,791
1255.108,1,817
1255.609,1,799
1256.110,1,877
1256.611,1,883
1257.112,1,867
1257.612,1,928
1258.113,1,941
1258.614,1,946
1259.115,1,940
1259.616,1,987
1260.116,1,1014
1260.617,1,1039
1261.117,1,1046
1261.618,1,1051
1262.119,1,1073
1262.619,1,1114
1263.120,1,1136
1263.620,1,1144
1264.120,1,1159
1264.621,1,1176
1265.121,1,1244
1265.621,1,1223
1266.122,1,1246
1266.622,1,1296
1267.122,1,1322
1267.622,1,1313
1268.122,1,1373
1268.622,1,1388
1269.122,1,1416
1269.622,1,1426
1270.122,1,1472
1270.622,1,1466
1271.122,1,1483
1271.622,1,1513
1272.122,1,1570
1272.622,1,1571
1273.121,1,1586
1273.621,1,1575
1274.121,1,1627
1274.620,1,1642
1275.120,1,1639
1275.619,1,1701
1276.119,1,1736
1276.618,1,1722
1277.118,1,1761
1277.617,1,1813
1278.117,1,1816
1278.616,1,1886
1279.115,1,1867
1279.614,1,1926
1280.114,1,1915
1280.613,1,1995
1281.112,1,2007
1281.611,1,2020
1282.110,1,2086
1282.609,1,2059
1283.108,1,2122
1283.607,1,2087
1284.106,1,2143
1284.605,1,2164
1285.104,1,2180
1285.603,1,2246
1286.101,1,2284
1286.600,1,2324
1287.099,1,2326
1287.598,1,2338
1288.096,1,2339
1288.595,1,2464
1289.093,1,2407
1289.592,1,2401
1290.090,1,2488
1290.589,1,2505
1291.087,1,2519
1291.586,1,2579
1292.084,1,2533
1292.582,1,2553
1293.080,1,2626
1293.579,1,2596
1294.077,1,2690
1294.575,1,2689
1295.073,1,2693
1295.571,1,2741
1296.069,1,2703
1296.567,1,2778
1297.065,1,2803
1297.563,1,2844
1298.061,1,2863
1298.559,1,2888
1299.057,1,2935
1299.555,1,2921
1300.052,1,2912
1300.550,1,2973
1301.048,1,2966
1301.545,1,3000
1302.043,1,3019
1302.540,1,3008
1303.038,1,3065
1303.535,1,3028
1304.033,1,3070
1304.530,1,3114
1305.028,1,3055
1305.525,1,3109
1306.022,1,3150
1306.520,1,3185
1307.017,1,3132
1307.514,1,3211
1308.011,1,3202
1308.508,1,3148
1309.005,1,3153
1309.502,1,3183
1309.999,1,3189
1310.496,1,3217
1310.993,1,3241
1311.490,1,3214
1311.987,1,3267
1312.484,1,3214
1312.981,1,3230
1313.477,1,3290
1313.974,1,3245
1314.471,1,3283
1314.968,1,3246
1315.464,1,3301
1315.961,1,3279
1316.457,1,3278
1316.954,1,3291
1317.450,1,3297
1317.947,1,3270
1318.443,1,3266
1318.939,1,3307
1319.436,1,3245
1319.932,1,3251
1320.428,1,3284
1320.924,1,3252
1321.420,1,3229
1321.917,1,3204
1322.413,1,3300
1322.909,1,3228
1323.405,1,3263
1323.901,1,3232
1324.397,1,3211
1324.893,1,3198
1325.388,1,3234
1325.884,1,3169
1326.380,1,3165
1326.876,1,3171
1327.372,1,3127
1327.867,1,3122
1328.363,1,3130
1328.859,1,3090
1329.354,1,3148
1329.850,1,3097
1330.345,1,3069
1330.841,1,3052
1331.336,1,3014
1331.831,1,2984
1332.327,1,2989
1332.822,1,2985
1333.317,1,2990
1333.813,1,2910
1334.308,1,2919
1334.803,1,2880
1335.298,1,2859
1335.793,1,2826
1336.288,1,2807
1336.783,1,2768
1337.278,1,2751
1337.773,1,2748
1338.268,1,2724
1338.763,1,2724
1339.258,1,2730
1339.753,1,2734
1340.247,1,2594
1340.742,1,2661
1341.237,1,2589
1341.731,1,2545
1342.226,1,2491
1342.721,1,2506
1343.215,1,2481
1343.710,1,2416
1344.204,1,2406
1344.699,1,2361
1345.193,1,2374
1345.687,1,2339
1346.182,1,2311
1346.676,1,2208
1347.170,1,2253
1347.664,1,2263
1348.159,1,2211
1348.653,1,2190
1349.147,1,2092
1349.641,1,2066
1350.135,1,2050
1350.629,1,2046
1351.123,1,1994
1351.617,1,1971
1352.111,1,1970
1352.604,1,1910
1353.098,1,1879
1353.592,1,1849
1354.086,1,1785
1354.579,1,1775
1355.073,1,1749
1355.567,1,1725
1356.060,1,1677
1356.554,1,1648
1357.047,1,1579
1357.541,1,1595
1358.034,1,1569
1358.528,1,1519
1359.021,1,1480
1359.514,1,1464
1360.008,1,1413
1360.501,1,1390
1360.994,1,1365
1361.487,1,1391
1361.980,1,1295
1362.474,1,1306
1362.967,1,1264
1363.460,1,1224
1363.953,1,1180
1364.446,1,1182
1364.939,1,1204
1365.431,1,1136
1365.924,1,1130
1366.417,1,1141
1366.910,1,1081
1367.403,1,1079
1367.895,1,1047
1368.388,1,1035
1368.881,1,1030
1369.373,1,964
1369.866,1,996
1370.358,1,925
1370.851,1,951
1371.343,1,898
1371.836,1,881
1372.328,1,881
1372.820,1,898
1373.313,1,840
1373.805,1,803
1374.297,1,789
1374.789,1,786
1375.281,1,797
1375.774,1,702
1376.266,1,682
1376.758,1,695
1377.250,1,707
1377.742,1,657
1378.234,1,631
1378.725,1,605
1379.217,1,588
1379.709,1,606
1380.201,1,565
1380.693,1,542
1381.184,1,533
1381.676,1,493
1382.168,1,516
1382.659,1,503
1383.151,1,429
1383.642,1,451
1384.134,1,453
1384.625,1,429
1385.117,1,454
1385.608,1,412
1386.099,1,419
1386.591,1,448
1387.082,1,389
1387.573,1,432
1388.064,1,346
1388.556,1,395
1389.047,1,393
1389.538,1,369
1390.029,1,345
1390.520,1,349
1391.011,1,351
1391.502,1,350
1391.993,1,320
1392.483,1,313
1392.974,1,329
1393.465,1,316
1393.956,1,296
1394.447,1,303
1394.937,1,289
1395.428,1,318
1395.918,1,240
1396.409,1,261
1396.900,1,246
1397.390,1,294
1397.880,1,240
1398.371,1,286
1398.861,1,231
1399.352,1,292
1399.842,1,225
1400.332,1,228
1400.822,1,258
1401.313,1,201
1401.803,1,255
1402.293,1,219
1402.783,1,208
1403.273,1,214
1403.763,1,192
1404.253,1,180
1404.743,1,202
1405.233,1,164
1405.723,1,186
1406.213,1,193
1406.702,1,177
1407.192,1,169
1407.682,1,165
1408.172,1,185
1408.661,1,167
1409.151,1,171
1409.640,1,187
1410.130,1,144
1410.619,1,178
1411.109,1,160
1411.598,1,163
1412.088,1,168
1412.577,1,169
1413.066,1,182
1413.556,1,157
1414.045,1,139
1414.534,1,153
1415.023,1,153
1415.512,1,153
1416.001,1,157
1416.490,1,120
1416.979,1,146
1417.468,1,110
1417.957,1,109
1418.446,1,139
1418.935,1,138
1419.424,1,118
1419.913,1,147
1420.402,1,111
1420.890,1,134
1421.379,1,101
1421.868,1,145
1422.356,1,131
1422.845,1,118
1423.333,1,113
1423.822,1,127
1424.310,1,107
1424.799,1,85
1425.287,1,120
1425.776,1,101
1426.264,1,105
1426.752,1,113
1427.240,1,76
1427.729,1,107
1428.217,1,93
1428.705,1,84
1429.193,1,78
1429.681,1,94
1430.169,1,33
1430.657,1,100
1431.145,1,97
1431.633,1,89
1432.121,1,72
1432.609,1,113
1433.096,1,69
1433.584,1,94
1434.072,1,86
1434.560,1,96
1435.047,1,90
1435.535,1,76
1436.022,1,57
1436.510,1,61
1436.998,1,86
1437.485,1,72
1437.972,1,54
1438.460,1,100
1438.947,1,56
1439.435,1,94
1439.922,1,42
1440.409,1,86
1440.896,1,51
1441.383,1,75
1441.871,1,59
1442.358,1,57
1442.845,1,70
1443.332,1,53
1443.819,1,65
1444.306,1,66
1444.793,1,31
1445.280,1,68
1445.766,1,27
1446.253,1,66
1446.740,1,47
1447.227,1,95
1447.713,1,68
1448.200,1,51
1448.687,1,47
1449.173,1,36
1449.660,1,27
1450.146,1,72
1450.633,1,10
1451.119,1,102
1451.606,1,41
1452.092,1,59
1452.578,1,32
1453.065,1,18
1453.551,1,17
1454.037,1,71
1454.523,1,11
1455.009,1,66
1455.496,1,66
1455.982,1,61
1456.468,1,79
1456.954,1,86
1457.440,1,49
1457.926,1,59
1458.411,1,42
1458.897,1,23
1459.383,1,23
1459.869,1,36
1460.355,1,36
1460.840,1,50
1461.326,1,38
1461.812,1,63
1462.297,1,85
1462.783,1,75
1463.268,1,64
1463.754,1,27
1464.239,1,69
1464.725,1,60
1465.210,1,50
