1070.982,1,-86
1071.492,1,-40
1072.001,1,-86
1072.510,1,-32
1073.020,1,-90
1073.529,1,-53
1074.038,1,-81
1074.547,1,-48
1075.056,1,-43
1075.566,1,-43
1076.075,1,-41
1076.584,1,-45
1077.093,1,-78
1077.602,1,-60
1078.111,1,-42
1078.620,1,-36
1079.128,1,-44
1079.637,1,-48
1080.146,1,-53
1080.655,1,-41
1081.164,1,-40
1081.672,1,-81
1082.181,1,-57
1082.690,1,-49
1083.198,1,-47
1083.707,1,-49
1084.215,1,-59
1084.724,1,-35
1085.232,1,-67
1085.741,1,-45
1086.249,1,-50
1086.757,1,-18
1087.266,1,-56
1087.774,1,-28
1088.282,1,-103
1088.790,1,-64
1089.299,1,-79
1089.807,1,-28
1090.315,1,-94
1090.823,1,-57
1091.331,1,-91
1091.839,1,-71
1092.347,1,-63
1092.855,1,-35
1093.363,1,-102
1093.871,1,-60
1094.378,1,-73
1094.886,1,-46
1095.394,1,-99
1095.902,1,-31
1096.409,1,-123
1096.917,1,-42
1097.425,1,-73
1097.932,1,-18
1098.440,1,-60
1098.947,1,-51
1099.455,1,-47
1099.962,1,-40
1100.470,1,-63
1100.977,1,-56
1101.484,1,-71
1101.992,1,-54
1102.499,1,-92
1103.006,1,-62
1103.513,1,-30
1104.021,1,-21
1104.528,1,-53
1105.035,1,-37
1105.542,1,-63
1106.049,1,-46
1106.556,1,-38
1107.063,1,-53
1107.570,1,-64
1108.077,1,-31
1108.584,1,-46
1109.090,1,-45
1109.597,1,-78
1110.104,1,-3
1110.611,1,-90
1111.117,1,-8
1111.624,1,-95
1112.131,1,-34
1112.637,1,-45
1113.144,1,-63
1113.650,1,-71
1114.157,1,-24
1114.663,1,-113
1115.170,1,5
1115.676,1,-71
1116.182,1,-56
1116.688,1,-52
1117.195,1,-33
1117.701,1,-65
1118.207,1,-49
1118.713,1,-36
1119.219,1,-37
1119.726,1,-36
1120.232,1,-31
1120.738,1,-64
1121.244,1,-54
1121.750,1,-49
1122.255,1,-19
1122.761,1,-39
1123.267,1,-34
1123.773,1,-43
1124.279,1,13
1124.784,1,-48
1125.290,1,-25
1125.796,1,-5
1126.301,1,2
1126.807,1,-65
1127.313,1,13
1127.818,1,-5
1128.324,1,34
1128.829,1,-3
1129.335,1,38
1129.840,1,-8
1130.345,1,7
1130.851,1,-11
1131.356,1,57
1131.861,1,25
1132.366,1,12
1132.872,1,-7
1133.377,1,38
1133.882,1,1
1134.387,1,-7
1134.892,1,22
1135.397,1,44
1135.902,1,1
1136.407,1,39
1136.912,1,23
1137.417,1,28
1137.921,1,38
1138.426,1,58
1138.931,1,72
1139.436,1,61
1139.940,1,62
1140.445,1,83
1140.950,1,91
1141.454,1,99
1141.959,1,75
1142.463,1,141
1142.968,1,80
1143.472,1,99
1143.977,1,110
1144.481,1,124
1144.985,1,144
1145.490,1,184
1145.994,1,192
1146.498,1,168
1147.002,1,161
1147.507,1,146
1148.011,1,222
1148.515,1,204
1149.019,1,185
1149.523,1,215
1150.027,1,186
1150.531,1,230
1151.035,1,266
1151.539,1,221
1152.043,1,209
1152.546,1,289
1153.050,1,265
1153.554,1,325
1154.058,1,297
1154.561,1,306
1155.065,1,328
1155.569,1,303
1156.072,1,324
1156.576,1,357
1157.079,1,413
1157.583,1,416
1158.086,1,433
1158.589,1,447
1159.093,1,430
1159.596,1,447
1160.099,1,484
1160.603,1,478
1161.106,1,479
1161.609,1,520
1162.112,1,545
1162.615,1,568
1163.119,1,557
1163.622,1,595
1164.125,1,622
1164.628,1,590
1165.131,1,662
1165.633,1,654
1166.136,1,675
1166.639,1,691
1167.142,1,723
1167.645,1,749
1168.147,1,749
1168.650,1,751
1169.153,1,799
1169.656,1,816
1170.158,1,855
1170.661,1,871
1171.163,1,860
1171.666,1,956
1172.168,1,897
1172.671,1,967
1173.173,1,996
1173.675,1,993
1174.178,1,1043
1174.680,1,1068
1175.182,1,1102
1175.684,1,1149
1176.187,1,1136
1176.689,1,1168
1177.191,1,1222
1177.693,1,1259
1178.195,1,1242
1178.697,1,1329
1179.199,1,1319
1179.701,1,1343
1180.203,1,1394
1180.705,1,1418
1181.206,1,1448
1181.708,1,1461
1182.210,1,1556
1182.712,1,1567
1183.213,1,1608
1183.715,1,1646
1184.217,1,1681
1184.718,1,1686
1185.220,1,1784
1185.721,1,1769
1186.223,1,1845
1186.724,1,1863
1187.226,1,1893
1187.727,1,1935
1188.228,1,1966
1188.730,1,2016
1189.231,1,2066
1189.732,1,2108
1190.233,1,2121
1190.735,1,2186
1191.236,1,2213
1191.737,1,2243
1192.238,1,2282
1192.739,1,2372
1193.240,1,2418
1193.741,1,2393
1194.242,1,2491
1194.743,1,2547
1195.244,1,2595
1195.744,1,2599
1196.245,1,2641
1196.746,1,2684
1197.247,1,2727
1197.747,1,2772
1198.248,1,2873
1198.749,1,2901
1199.249,1,2983
1199.750,1,3038
1200.250,1,3004
1200.751,1,3121
1201.251,1,3135
1201.752,1,3140
1202.252,1,3153
1202.752,1,3247
1203.253,1,3280
1203.753,1,3323
1204.253,1,3364
1204.753,1,3399
1205.253,1,3474
1205.754,1,3514
1206.254,1,3510
1206.754,1,3515
1207.254,1,3622
1207.754,1,3647
1208.254,1,3637
1208.754,1,3691
1209.253,1,3701
1209.753,1,3706
1210.253,1,3752
1210.753,1,3753
1211.253,1,3772
1211.752,1,3787
1212.252,1,3820
1212.752,1,3843
1213.251,1,3829
1213.751,1,3886
1214.250,1,3836
1214.750,1,3869
1215.249,1,3853
1215.749,1,3848
1216.248,1,3860
1216.747,1,3809
1217.247,1,3824
1217.746,1,3803
1218.245,1,3836
1218.744,1,3784
1219.244,1,3740
1219.743,1,3731
1220.242,1,3673
1220.741,1,3678
1221.240,1,3648
1221.739,1,3651
1222.238,1,3539
1222.737,1,3550
1223.236,1,3513
1223.735,1,3459
1224.234,1,3415
1224.732,1,3375
1225.231,1,3369
1225.730,1,3252
1226.229,1,3231
1226.727,1,3225
1227.226,1,3149
1227.724,1,3116
1228.223,1,3061
1228.722,1,2974
1229.220,1,2979
1229.718,1,2907
1230.217,1,2849
1230.715,1,2781
1231.214,1,2737
1231.712,1,2649
1232.210,1,2600
1232.708,1,2565
1233.207,1,2543
1233.705,1,2464
1234.203,1,2357
1234.701,1,2313
1235.199,1,2284
1235.697,1,2217
1236.195,1,2091
1236.693,1,2038
1237.191,1,2008
1237.689,1,1995
1238.187,1,1898
1238.685,1,1841
1239.182,1,1757
1239.680,1,1694
1240.178,1,1645
1240.676,1,1595
1241.173,1,1562
1241.671,1,1507
1242.168,1,1422
1242.666,1,1413
1243.163,1,1383
1243.661,1,1289
1244.158,1,1240
1244.656,1,1220
1245.153,1,1167
1245.650,1,1165
1246.148,1,1074
1246.645,1,1052
1247.142,1,1013
1247.639,1,980
1248.137,1,958
1248.634,1,847
1249.131,1,866
1249.628,1,793
1250.125,1,786
1250.622,1,742
1251.119,1,758
1251.616,1,721
1252.113,1,685
1252.609,1,652
1253.106,1,614
1253.603,1,615
1254.100,1,582
1254.596,1,545
1255.093,1,511
1255.590,1,516
1256.086,1,491
1256.583,1,451
1257.079,1,429
1257.576,1,398
1258.072,1,420
1258.569,1,364
1259.065,1,387
1259.562,1,337
1260.058,1,358
1260.554,1,317
1261.050,1,313
1261.547,1,300
1262.043,1,263
1262.539,1,267
1263.035,1,232
1263.531,1,230
1264.027,1,231
1264.523,1,212
1265.019,1,170
1265.515,1,181
1266.011,1,137
1266.507,1,159
1267.003,1,161
1267.499,1,149
1267.994,1,112
1268.490,1,126
1268.986,1,133
1269.481,1,108
1269.977,1,134
1270.473,1,107
1270.968,1,78
1271.464,1,82
1271.959,1,64
1272.455,1,76
1272.950,1,82
1273.445,1,62
1273.941,1,90
1274.436,1,73
1274.931,1,33
1275.427,1,52
1275.922,1,53
1276.417,1,58
1276.912,1,34
1277.407,1,22
1277.902,1,39
1278.397,1,1
1278.892,1,5
1279.387,1,33
1279.882,1,15
1280.377,1,20
1280.872,1,18
1281.367,1,-15
1281.862,1,6
1282.356,1,5
1282.851,1,-14
1283.346,1,10
1283.840,1,-3
1284.335,1,-4
1284.830,1,-9
1285.324,1,-12
1285.819,1,-19
1286.313,1,4
1286.808,1,5
1287.302,1,5
1287.796,1,-13
1288.291,1,-48
1288.785,1,-28
1289.279,1,-4
1289.773,1,-45
1290.268,1,-16
1290.762,1,-15
1291.256,1,-71
1291.750,1,-14
1292.244,1,-56
1292.738,1,-46
1293.232,1,-33
1293.726,1,-30
1294.220,1,-38
1294.714,1,-24
1295.208,1,-47
1295.701,1,-28
1296.195,1,-34
1296.689,1,-42
1297.183,1,-33
1297.676,1,-29
1298.170,1,-18
1298.664,1,-26
1299.157,1,-53
1299.651,1,-13
1300.144,1,-41
1300.638,1,-23
1301.131,1,-66
1301.625,1,-3
1302.118,1,-43
1302.611,1,-44
1303.104,1,-43
1303.598,1,-47
1304.091,1,-39
1304.584,1,-63
1305.077,1,-48
1305.570,1,-18
1306.063,1,-82
1306.557,1,-29
1307.050,1,-97
1307.543,1,-37
1308.035,1,-49
1308.528,1,-26
1309.021,1,-42
1309.514,1,-67
1310.007,1,-55
1310.500,1,-64
1310.992,1,-50
1311.485,1,-59
1311.978,1,-92
1312.470,1,-9
1312.963,1,-48
1313.455,1,-41
1313.948,1,-72
1314.440,1,-84
1314.933,1,-55
1315.425,1,-49
1315.918,1,-80
1316.410,1,-49
1316.902,1,-33
1317.395,1,-22
1317.887,1,-36
1318.379,1,-18
1318.871,1,-61
1319.363,1,6
1319.856,1,-25
1320.348,1,-73
1320.840,1,-39
1321.332,1,-68
1321.824,1,-76
1322.316,1,-51
1322.807,1,-14
1323.299,1,-63
1323.791,1,-35
1324.283,1,-16
1324.775,1,-30
1325.266,1,-74
1325.758,1,-29
1326.250,1,-63
1326.741,1,-44
