1060.885,1,25
1061.394,1,4
1061.904,1,26
1062.414,1,28
1062.923,1,27
1063.433,1,2
1063.943,1,21
1064.452,1,12
1064.962,1,22
1065.471,1,41
1065.981,1,37
1066.490,1,22
1066.999,1,28
1067.509,1,-6
1068.018,1,42
1068.527,1,6
1069.037,1,12
1069.546,1,14
1070.055,1,24
1070.564,1,8
1071.073,1,40
1071.582,1,13
1072.091,1,-12
1072.600,1,0
1073.109,1,15
1073.618,1,15
1074.127,1,11
1074.636,1,15
1075.145,1,11
1075.654,1,18
1076.162,1,43
1076.671,1,-10
1077.180,1,25
1077.688,1,-7
1078.197,1,-2
1078.706,1,41
1079.214,1,-2
1079.723,1,30
1080.231,1,12
1080.740,1,33
1081.248,1,29
1081.756,1,10
1082.265,1,20
1082.773,1,13
1083.281,1,55
1083.790,1,26
1084.298,1,11
1084.806,1,-5
1085.314,1,45
1085.822,1,38
1086.330,1,-11
1086.838,1,10
1087.346,1,3
1087.854,1,56
1088.362,1,3
1088.870,1,26
1089.378,1,3
1089.886,1,14
1090.393,1,15
1090.901,1,22
1091.409,1,37
1091.917,1,36
1092.424,1,70
1092.932,1,0
1093.439,1,34
1093.947,1,36
1094.455,1,25
1094.962,1,14
1095.469,1,21
1095.977,1,13
1096.484,1,48
1096.992,1,7
1097.499,1,31
1098.006,1,34
1098.513,1,49
1099.021,1,33
1099.528,1,52
1100.035,1,63
1100.542,1,56
1101.049,1,48
1101.556,1,44
1102.063,1,46
1102.570,1,46
1103.077,1,90
1103.584,1,47
1104.091,1,74
1104.597,1,35
1105.104,1,69
1105.611,1,50
1106.118,1,64
1106.624,1,52
1107.131,1,71
1107.637,1,92
1108.144,1,64
1108.651,1,49
1109.157,1,73
1109.664,1,93
1110.170,1,83
1110.676,1,79
1111.183,1,104
1111.689,1,98
1112.195,1,127
1112.702,1,121
1113.208,1,82
1113.714,1,121
1114.220,1,135
1114.726,1,151
1115.232,1,127
1115.738,1,140
1116.244,1,147
1116.750,1,183
1117.256,1,172
1117.762,1,172
1118.268,1,185
1118.774,1,178
1119.280,1,188
1119.786,1,196
1120.291,1,186
1120.797,1,195
1121.303,1,204
1121.808,1,211
1122.314,1,228
1122.819,1,218
1123.325,1,245
1123.830,1,248
1124.336,1,275
1124.841,1,249
1125.347,1,284
1125.852,1,266
1126.357,1,318
1126.863,1,316
1127.368,1,312
1127.873,1,302
1128.378,1,383
1128.883,1,344
1129.389,1,330
1129.894,1,356
1130.399,1,370
1130.904,1,394
1131.409,1,411
1131.914,1,432
1132.418,1,437
1132.923,1,449
1133.428,1,464
1133.933,1,438
1134.438,1,461
1134.942,1,490
1135.447,1,508
1135.952,1,520
1136.456,1,500
1136.961,1,546
1137.466,1,571
1137.970,1,592
1138.475,1,586
1138.979,1,630
1139.483,1,647
1139.988,1,667
1140.492,1,665
1140.996,1,732
1141.501,1,700
1142.005,1,749
1142.509,1,750
1143.013,1,793
1143.518,1,775
1144.022,1,824
1144.526,1,822
1145.030,1,845
1145.534,1,865
1146.038,1,912
1146.542,1,914
1147.046,1,932
1147.549,1,940
1148.053,1,991
1148.557,1,986
1149.061,1,1050
1149.564,1,1059
1150.068,1,1065
1150.572,1,1125
1151.075,1,1134
1151.579,1,1171
1152.083,1,1189
1152.586,1,1218
1153.090,1,1255
1153.593,1,1292
1154.096,1,1305
1154.600,1,1364
1155.103,1,1383
1155.606,1,1388
1156.110,1,1431
1156.613,1,1451
1157.116,1,1464
1157.619,1,1513
1158.122,1,1540
1158.625,1,1615
1159.129,1,1619
1159.632,1,1619
1160.135,1,1670
1160.638,1,1760
1161.140,1,1769
1161.643,1,1785
1162.146,1,1828
1162.649,1,1834
1163.152,1,1903
1163.655,1,1953
1164.157,1,1972
1164.660,1,2039
1165.163,1,2047
1165.665,1,2085
1166.168,1,2088
1166.670,1,2159
1167.173,1,2210
1167.675,1,2206
1168.178,1,2284
1168.680,1,2319
1169.182,1,2364
1169.685,1,2405
1170.187,1,2439
1170.689,1,2505
1171.192,1,2547
1171.694,1,2583
1172.196,1,2621
1172.698,1,2700
1173.200,1,2733
1173.702,1,2792
1174.204,1,2838
1174.706,1,2865
1175.208,1,2912
1175.710,1,2952
1176.212,1,2998
1176.714,1,3103
1177.216,1,3093
1177.717,1,3162
1178.219,1,3198
1178.721,1,3291
1179.222,1,3271
1179.724,1,3390
1180.226,1,3422
1180.727,1,3451
1181.229,1,3537
1181.730,1,3612
1182.232,1,3611
1182.733,1,3666
1183.235,1,3707
1183.736,1,3792
1184.237,1,3833
1184.739,1,3913
1185.240,1,3956
1185.741,1,4036
1186.242,1,4082
1186.743,1,4128
1187.244,1,4175
1187.746,1,4270
1188.247,1,4281
1188.748,1,4344
1189.249,1,4505
1189.750,1,4549
1190.250,1,4541
1190.751,1,4609
1191.252,1,4621
1191.753,1,4654
1192.254,1,4728
1192.754,1,4749
1193.255,1,4820
1193.756,1,4874
1194.256,1,4929
1194.757,1,5009
1195.258,1,5039
1195.758,1,5079
1196.259,1,5169
1196.759,1,5191
1197.259,1,5271
1197.760,1,5275
1198.260,1,5320
1198.761,1,5377
1199.261,1,5444
1199.761,1,5487
1200.261,1,5534
1200.761,1,5537
1201.262,1,5588
1201.762,1,5633
1202.262,1,5687
1202.762,1,5718
1203.262,1,5770
1203.762,1,5764
1204.262,1,5817
1204.762,1,5782
1205.262,1,5827
1205.761,1,5848
1206.261,1,5854
1206.761,1,5826
1207.261,1,5882
1207.760,1,5857
1208.260,1,5840
1208.760,1,5806
1209.259,1,5812
1209.759,1,5804
1210.258,1,5806
1210.758,1,5774
1211.257,1,5742
1211.757,1,5684
1212.256,1,5687
1212.755,1,5672
1213.255,1,5609
1213.754,1,5549
1214.253,1,5494
1214.752,1,5447
1215.252,1,5401
1215.751,1,5340
1216.250,1,5314
1216.749,1,5231
1217.248,1,5183
1217.747,1,5117
1218.246,1,5081
1218.745,1,4976
1219.244,1,4923
1219.742,1,4851
1220.241,1,4771
1220.740,1,4691
1221.239,1,4650
1221.738,1,4504
1222.236,1,4483
1222.735,1,4371
1223.234,1,4286
1223.732,1,4191
1224.231,1,4096
1224.729,1,4024
1225.228,1,3944
1225.726,1,3836
1226.224,1,3748
1226.723,1,3627
1227.221,1,3579
1227.719,1,3492
1228.218,1,3384
1228.716,1,3282
1229.214,1,3183
1229.712,1,3078
1230.210,1,3002
1230.709,1,2907
1231.207,1,2823
1231.705,1,2729
1232.203,1,2643
1232.701,1,2564
1233.199,1,2490
1233.696,1,2401
1234.194,1,2297
1234.692,1,2207
1235.190,1,2159
1235.688,1,2106
1236.185,1,2002
1236.683,1,1909
1237.181,1,1849
1237.678,1,1767
1238.176,1,1719
1238.673,1,1649
1239.171,1,1585
1239.668,1,1497
1240.166,1,1479
1240.663,1,1428
1241.161,1,1367
1241.658,1,1308
1242.155,1,1229
1242.652,1,1197
1243.150,1,1163
1243.647,1,1105
1244.144,1,1065
1244.641,1,1010
1245.138,1,984
1245.635,1,935
1246.132,1,866
1246.629,1,845
1247.126,1,846
1247.623,1,768
1248.120,1,762
1248.617,1,715
1249.114,1,732
1249.610,1,651
1250.107,1,627
1250.604,1,604
1251.100,1,583
1251.597,1,569
1252.094,1,533
1252.590,1,513
1253.087,1,493
1253.583,1,465
1254.080,1,443
1254.576,1,427
1255.073,1,428
1255.569,1,395
1256.065,1,386
1256.562,1,374
1257.058,1,370
1257.554,1,328
1258.050,1,318
1258.546,1,336
1259.042,1,297
1259.539,1,247
1260.035,1,254
1260.531,1,252
1261.027,1,255
1261.523,1,241
1262.018,1,214
1262.514,1,244
1263.010,1,237
1263.506,1,191
1264.002,1,170
1264.497,1,188
1264.993,1,195
1265.489,1,160
1265.984,1,163
1266.480,1,154
1266.976,1,154
1267.471,1,170
1267.967,1,157
1268.462,1,134
1268.957,1,122
1269.453,1,108
1269.948,1,129
1270.444,1,107
1270.939,1,118
1271.434,1,117
1271.929,1,98
1272.424,1,124
1272.920,1,87
1273.415,1,84
1273.910,1,73
1274.405,1,111
1274.900,1,94
1275.395,1,92
1275.890,1,83
1276.385,1,103
1276.879,1,56
1277.374,1,88
1277.869,1,67
1278.364,1,74
1278.859,1,47
1279.353,1,78
1279.848,1,65
1280.343,1,27
1280.837,1,40
1281.332,1,40
1281.826,1,58
1282.321,1,77
1282.815,1,67
1283.310,1,31
1283.804,1,36
1284.298,1,35
1284.793,1,52
1285.287,1,48
1285.781,1,51
1286.275,1,33
1286.769,1,56
1287.264,1,18
1287.758,1,34
1288.252,1,25
1288.746,1,37
1289.240,1,31
1289.734,1,1
1290.228,1,6
1290.722,1,18
1291.215,1,22
1291.709,1,48
1292.203,1,34
1292.697,1,27
1293.190,1,26
1293.684,1,27
1294.178,1,15
1294.671,1,27
1295.165,1,38
1295.659,1,28
1296.152,1,23
1296.646,1,32
1297.139,1,30
1297.632,1,22
1298.126,1,13
1298.619,1,37
1299.112,1,20
1299.606,1,31
1300.099,1,35
1300.592,1,20
1301.085,1,22
1301.578,1,37
1302.071,1,12
1302.564,1,-17
1303.058,1,22
1303.550,1,-4
1304.043,1,7
1304.536,1,-6
1305.029,1,3
1305.522,1,41
1306.015,1,20
1306.508,1,16
1307.000,1,22
1307.493,1,15
1307.986,1,16
1308.478,1,39
1308.971,1,31
1309.464,1,9
1309.956,1,33
1310.449,1,19
1310.941,1,6
1311.434,1,38
1311.926,1,7
1312.418,1,5
1312.911,1,22
1313.403,1,3
1313.895,1,9
1314.387,1,2
1314.880,1,26
1315.372,1,28
1315.864,1,7
1316.356,1,7
1316.848,1,26
