1060.885,1,-2
1061.394,1,8
1061.904,1,8
1062.414,1,14
1062.923,1,14
1063.433,1,35
1063.943,1,9
1064.452,1,16
1064.962,1,33
1065.471,1,50
1065.981,1,28
1066.490,1,23
1066.999,1,11
1067.509,1,2
1068.018,1,29
1068.527,1,22
1069.037,1,8
1069.546,1,8
1070.055,1,-10
1070.564,1,8
1071.073,1,26
1071.582,1,35
1072.091,1,33
1072.600,1,21
1073.109,1,22
1073.618,1,20
1074.127,1,35
1074.636,1,40
1075.145,1,30
1075.654,1,20
1076.162,1,52
1076.671,1,32
1077.180,1,26
1077.688,1,23
1078.197,1,35
1078.706,1,67
1079.214,1,17
1079.723,1,33
1080.231,1,37
1080.740,1,72
1081.248,1,40
1081.756,1,58
1082.265,1,55
1082.773,1,71
1083.281,1,52
1083.790,1,72
1084.298,1,35
1084.806,1,69
1085.314,1,68
1085.822,1,67
1086.330,1,14
1086.838,1,60
1087.346,1,54
1087.854,1,104
1088.362,1,64
1088.870,1,89
1089.378,1,81
1089.886,1,85
1090.393,1,82
1090.901,1,108
1091.409,1,132
1091.917,1,120
1092.424,1,120
1092.932,1,124
1093.439,1,139
1093.947,1,148
1094.455,1,131
1094.962,1,144
1095.469,1,136
1095.977,1,174
1096.484,1,166
1096.992,1,167
1097.499,1,153
1098.006,1,200
1098.513,1,173
1099.021,1,211
1099.528,1,196
1100.035,1,218
1100.542,1,219
1101.049,1,236
1101.556,1,227
1102.063,1,253
1102.570,1,271
1103.077,1,285
1103.584,1,267
1104.091,1,285
1104.597,1,285
1105.104,1,322
1105.611,1,281
1106.118,1,281
1106.624,1,309
1107.131,1,349
1107.637,1,334
1108.144,1,330
1108.651,1,374
1109.157,1,385
1109.664,1,404
1110.170,1,398
1110.676,1,411
1111.183,1,442
1111.689,1,428
1112.195,1,458
1112.702,1,445
1113.208,1,471
1113.714,1,498
1114.220,1,540
1114.726,1,536
1115.232,1,538
1115.738,1,589
1116.244,1,578
1116.750,1,646
1117.256,1,622
1117.762,1,606
1118.268,1,637
1118.774,1,675
1119.280,1,700
1119.786,1,699
1120.291,1,734
1120.797,1,746
1121.303,1,752
1121.808,1,760
1122.314,1,830
1122.819,1,827
1123.325,1,851
1123.830,1,844
1124.336,1,890
1124.841,1,896
1125.347,1,953
1125.852,1,945
1126.357,1,1000
1126.863,1,1018
1127.368,1,1030
1127.873,1,1048
1128.378,1,1119
1128.883,1,1078
1129.389,1,1113
1129.894,1,1126
1130.399,1,1155
1130.904,1,1187
1131.409,1,1221
1131.914,1,1282
1132.418,1,1290
1132.923,1,1301
1133.428,1,1337
1133.933,1,1364
1134.438,1,1372
1134.942,1,1390
1135.447,1,1446
1135.952,1,1447
1136.456,1,1487
1136.961,1,1537
1137.466,1,1559
1137.970,1,1569
1138.475,1,1639
1138.979,1,1639
1139.483,1,1686
1139.988,1,1724
1140.492,1,1748
1140.996,1,1823
1141.501,1,1825
1142.005,1,1830
1142.509,1,1893
1143.013,1,1941
1143.518,1,1927
1144.022,1,1984
1144.526,1,2003
1145.030,1,2067
1145.534,1,2078
1146.038,1,2114
1146.542,1,2134
1147.046,1,2175
1147.549,1,2215
1148.053,1,2252
1148.557,1,2300
1149.061,1,2318
1149.564,1,2388
1150.068,1,2367
1150.572,1,2472
1151.075,1,2463
1151.579,1,2548
1152.083,1,2537
1152.586,1,2618
1153.090,1,2650
1153.593,1,2701
1154.096,1,2723
1154.600,1,2763
1155.103,1,2777
1155.606,1,2844
1156.110,1,2868
1156.613,1,2923
1157.116,1,2945
1157.619,1,3015
1158.122,1,3037
1158.625,1,3090
1159.129,1,3134
1159.632,1,3168
1160.135,1,3189
1160.638,1,3298
1161.140,1,3266
1161.643,1,3320
1162.146,1,3377
1162.649,1,3434
1163.152,1,3474
1163.655,1,3499
1164.157,1,3549
1164.660,1,3611
1165.163,1,3651
1165.665,1,3667
1166.168,1,3689
1166.670,1,3796
1167.173,1,3820
1167.675,1,3858
1168.178,1,3901
1168.680,1,3952
1169.182,1,3979
1169.685,1,4007
1170.187,1,4091
1170.689,1,4153
1171.192,1,4202
1171.694,1,4230
1172.196,1,4263
1172.698,1,4356
1173.200,1,4355
1173.702,1,4482
1174.204,1,4479
1174.706,1,4542
1175.208,1,4563
1175.710,1,4636
1176.212,1,4666
1176.714,1,4716
1177.216,1,4715
1177.717,1,4823
1178.219,1,4869
1178.721,1,4905
1179.222,1,4903
1179.724,1,5013
1180.226,1,5011
1180.727,1,5045
1181.229,1,5134
1181.730,1,5204
1182.232,1,5237
1182.733,1,5266
1183.235,1,5268
1183.736,1,5342
1184.237,1,5388
1184.739,1,5422
1185.240,1,5462
1185.741,1,5514
1186.242,1,5514
1186.743,1,5577
1187.244,1,5587
1187.746,1,5680
1188.247,1,5659
1188.748,1,5723
1189.249,1,5835
1189.750,1,5827
1190.250,1,5773
1190.751,1,5813
1191.252,1,5790
1191.753,1,5788
1192.254,1,5848
1192.754,1,5831
1193.255,1,5849
1193.756,1,5864
1194.256,1,5883
1194.757,1,5866
1195.258,1,5904
1195.758,1,5919
1196.259,1,5912
1196.759,1,5864
1197.259,1,5926
1197.760,1,5855
1198.260,1,5866
1198.761,1,5846
1199.261,1,5859
1199.761,1,5807
1200.261,1,5824
1200.761,1,5775
1201.262,1,5719
1201.762,1,5735
1202.262,1,5698
1202.762,1,5634
1203.262,1,5645
1203.762,1,5533
1204.262,1,5563
1204.762,1,5462
1205.262,1,5421
1205.761,1,5353
1206.261,1,5309
1206.761,1,5220
1207.261,1,5190
1207.760,1,5116
1208.260,1,5079
1208.760,1,4939
1209.259,1,4914
1209.759,1,4798
1210.258,1,4712
1210.758,1,4629
1211.257,1,4548
1211.757,1,4469
1212.256,1,4392
1212.755,1,4320
1213.255,1,4210
1213.754,1,4126
1214.253,1,4007
1214.752,1,3930
1215.252,1,3866
1215.751,1,3755
1216.250,1,3662
1216.749,1,3573
1217.248,1,3475
1217.747,1,3405
1218.246,1,3301
1218.745,1,3172
1219.244,1,3114
1219.742,1,3021
1220.241,1,2953
1220.740,1,2852
1221.239,1,2796
1221.738,1,2680
1222.236,1,2640
1222.735,1,2508
1223.234,1,2452
1223.732,1,2359
1224.231,1,2293
1224.729,1,2218
1225.228,1,2146
1225.726,1,2024
1226.224,1,1985
1226.723,1,1908
1227.221,1,1854
1227.719,1,1787
1228.218,1,1704
1228.716,1,1651
1229.214,1,1576
1229.712,1,1506
1230.210,1,1461
1230.709,1,1374
1231.207,1,1344
1231.705,1,1287
1232.203,1,1221
1232.701,1,1161
1233.199,1,1123
1233.696,1,1085
1234.194,1,1030
1234.692,1,972
1235.190,1,944
1235.688,1,910
1236.185,1,844
1236.683,1,804
1237.181,1,790
1237.678,1,738
1238.176,1,720
1238.673,1,690
1239.171,1,623
1239.668,1,616
1240.166,1,599
1240.663,1,592
1241.161,1,542
1241.658,1,515
1242.155,1,453
1242.652,1,462
1243.150,1,455
1243.647,1,420
1244.144,1,434
1244.641,1,394
1245.138,1,376
1245.635,1,359
1246.132,1,352
1246.629,1,335
1247.126,1,309
1247.623,1,288
1248.120,1,290
1248.617,1,268
1249.114,1,294
1249.610,1,228
1250.107,1,228
1250.604,1,230
1251.100,1,219
1251.597,1,188
1252.094,1,193
1252.590,1,185
1253.087,1,197
1253.583,1,166
1254.080,1,159
1254.576,1,161
1255.073,1,180
1255.569,1,163
1256.065,1,123
1256.562,1,123
1257.058,1,138
1257.554,1,123
1258.050,1,124
1258.546,1,132
1259.042,1,116
1259.539,1,119
1260.035,1,100
1260.531,1,108
1261.027,1,106
1261.523,1,89
1262.018,1,107
1262.514,1,107
1263.010,1,91
1263.506,1,49
1264.002,1,52
1264.497,1,61
1264.993,1,75
1265.489,1,81
1265.984,1,67
1266.480,1,62
1266.976,1,55
1267.471,1,81
1267.967,1,51
1268.462,1,53
1268.957,1,56
1269.453,1,41
1269.948,1,38
1270.444,1,51
1270.939,1,47
1271.434,1,63
1271.929,1,22
1272.424,1,55
1272.920,1,51
1273.415,1,52
1273.910,1,38
1274.405,1,80
1274.900,1,32
1275.395,1,30
1275.890,1,37
1276.385,1,58
1276.879,1,46
1277.374,1,38
1277.869,1,33
1278.364,1,26
1278.859,1,33
1279.353,1,19
1279.848,1,43
1280.343,1,22
1280.837,1,21
1281.332,1,14
1281.826,1,34
1282.321,1,47
1282.815,1,26
1283.310,1,19
1283.804,1,31
1284.298,1,13
1284.793,1,28
1285.287,1,20
1285.781,1,29
1286.275,1,31
1286.769,1,40
1287.264,1,0
1287.758,1,2
1288.252,1,8
1288.746,1,35
1289.240,1,19
1289.734,1,2
1290.228,1,-11
1290.722,1,2
1291.215,1,35
1291.709,1,33
1292.203,1,41
1292.697,1,24
1293.190,1,39
1293.684,1,17
1294.178,1,0
1294.671,1,35
1295.165,1,14
1295.659,1,22
1296.152,1,9
1296.646,1,39
1297.139,1,46
1297.632,1,22
1298.126,1,11
1298.619,1,38
1299.112,1,13
1299.606,1,18
1300.099,1,16
1300.592,1,7
1301.085,1,29
1301.578,1,57
1302.071,1,26
1302.564,1,-17
1303.058,1,30
1303.550,1,7
1304.043,1,9
1304.536,1,19
1305.029,1,45
1305.522,1,18
1306.015,1,12
1306.508,1,22
1307.000,1,26
1307.493,1,-1
1307.986,1,23
1308.478,1,31
1308.971,1,23
1309.464,1,15
1309.956,1,22
1310.449,1,5
1310.941,1,17
1311.434,1,33
1311.926,1,21
1312.418,1,-21
1312.911,1,15
1313.403,1,-10
1313.895,1,28
1314.387,1,-1
1314.880,1,24
1315.372,1,37
1315.864,1,-6
1316.356,1,-5
1316.848,1,1
